22 745 
21 743 
20 742 
669 677 
669 676 
669 675 
669 674 
669 673 
669 672 
669 671 
669 670 
641 642 
640 642 
636 637 
635 637 
634 637 
632 633 
631 633 
630 633 
628 629 
627 629 
626 629 
624 625 
623 625 
622 625 
620 621 
619 621 
618 621 
616 617 
615 617 
614 617 
612 613 
611 613 
610 613 
608 609 
607 609 
606 609 
604 605 
603 605 
602 605 
600 601 
599 600 601 
598 599 600 601 
597 601 
596 601 
595 601 
594 601 
593 601 
592 601 
591 601 
590 601 
589 601 
588 601 
587 601 
586 601 
585 601 
584 601 
583 601 
582 601 
581 601 
580 601 
579 601 
578 601 
577 601 
576 601 
575 601 
574 601 
573 574 601 
572 601 
571 601 
570 601 
569 570 601 
568 601 
567 568 601 
566 567 568 601 
565 568 601 
561 564 601 
561 563 564 601 
561 562 601 
561 601 
560 601 
559 560 601 
558 559 560 601 
557 560 601 
553 556 601 
553 555 556 601 
553 554 601 
553 601 
552 601 
551 601 
550 551 601 
549 601 
548 601 
547 601 
546 601 
545 601 
544 601 
543 601 
542 601 
541 601 
540 601 
536 539 601 
536 538 601 
536 537 601 
536 601 
532 535 601 
532 534 601 
532 533 601 
532 601 
531 601 
530 601 
529 601 
528 601 
527 601 
526 601 
525 601 
524 601 
523 524 601 
522 601 
521 522 601 
520 601 
519 601 
518 601 
517 601 
516 601 
515 601 
514 601 
513 601 
512 513 601 
511 601 
510 601 
509 601 
508 601 
507 601 
506 601 
505 506 601 
504 506 601 
503 601 
502 601 
501 601 
500 601 
499 601 
498 601 
497 498 601 
496 601 
495 496 601 
494 601 
493 601 
492 601 
491 601 
490 601 
489 601 
488 601 
487 601 
486 487 601 
485 601 
484 485 601 
480 483 601 
480 482 483 601 
481 601 
480 601 
479 601 
478 601 
477 601 
476 477 601 
475 601 
474 475 601 
473 474 475 601 
472 601 
471 601 
470 471 601 
469 470 471 601 
468 601 
467 601 
466 601 
465 601 
464 601 
463 601 
462 601 
461 462 601 
455 460 601 
455 459 460 601 
458 601 
457 601 
455 456 601 
455 601 
454 601 
453 454 601 
452 601 
451 452 601 
450 601 
449 450 601 
448 601 
447 448 601 
446 601 
445 446 601 
444 601 
443 601 
442 601 
441 442 601 
440 442 601 
439 601 
438 601 
437 601 
436 601 
435 601 
434 601 
433 601 
432 601 
431 601 
430 601 
429 601 
428 601 
427 601 
426 601 
425 601 
424 601 
423 601 
422 601 
421 601 
420 601 
419 601 
418 601 
417 601 
416 601 
415 601 
414 601 
413 601 
412 601 
411 601 
410 601 
409 601 
408 601 
407 601 
406 601 
405 601 
404 601 
403 601 
402 403 601 
401 402 403 601 
400 601 
399 601 
398 601 
397 601 
396 601 
395 396 601 
394 395 396 601 
393 601 
392 601 
391 601 
390 601 
389 601 
388 389 601 
387 388 389 601 
380 381 386 601 
380 381 385 601 
380 381 384 601 
380 381 383 601 
380 381 382 601 
381 601 
380 381 601 
379 380 381 601 
378 601 
377 601 
376 601 
375 601 
374 601 
373 601 
372 601 
371 601 
370 601 
369 601 
368 601 
367 601 
366 601 
365 601 
364 601 
363 601 
362 601 
361 601 
360 601 
359 601 
358 601 
357 601 
356 601 
355 601 
354 601 
353 601 
352 601 
351 601 
350 601 
349 601 
348 601 
347 601 
346 601 
345 601 
344 601 
343 601 
342 601 
341 601 
340 601 
339 601 
338 601 
337 601 
336 601 
335 601 
334 601 
333 601 
332 601 
331 601 
330 601 
329 601 
328 601 
327 601 
326 601 
325 601 
324 601 
323 601 
322 601 
321 601 
320 601 
319 320 601 
318 319 320 601 
317 601 
316 601 
315 601 
314 601 
313 601 
312 601 
311 601 
310 601 
309 601 
303 308 601 
303 307 308 601 
306 601 
305 601 
303 304 601 
303 601 
302 601 
301 601 
300 601 
299 601 
298 601 
297 601 
296 601 
295 601 
294 601 
293 601 
292 601 
291 601 
290 601 
289 601 
288 601 
287 601 
286 601 
285 601 
284 601 
283 601 
282 601 
281 601 
280 601 
279 601 
278 601 
277 601 
276 601 
275 601 
274 601 
273 601 
272 601 
271 601 
270 601 
269 601 
268 601 
267 601 
266 601 
265 601 
264 601 
263 601 
262 601 
261 601 
260 601 
259 601 
258 601 
257 601 
256 601 
255 601 
254 601 
253 601 
252 601 
251 601 
250 601 
249 601 
248 601 
247 601 
246 601 
245 601 
244 601 
243 601 
242 601 
241 601 
240 601 
239 601 
238 601 
237 601 
236 601 
235 601 
234 601 
233 601 
232 601 
231 601 
230 601 
229 230 601 
228 601 
227 601 
226 601 
225 601 
224 601 
223 601 
222 601 
221 601 
220 601 
219 220 601 
218 601 
217 601 
216 601 
215 601 
214 601 
213 601 
212 601 
211 601 
210 601 
209 601 
208 601 
207 601 
206 601 
205 206 601 
204 205 206 601 
203 205 206 601 
202 601 
201 202 601 
200 201 202 601 
199 201 202 601 
198 601 
197 198 601 
196 601 
195 601 
194 601 
193 197 198 601 
192 601 
191 601 
190 601 
189 601 
188 601 
187 601 
186 187 601 
185 186 187 601 
184 185 186 187 601 
183 186 187 601 
182 186 187 601 
181 186 187 601 
180 184 185 186 187 601 
179 601 
178 601 
177 601 
176 177 601 
175 176 177 601 
174 176 177 601 
173 601 
172 601 
171 601 
170 601 
169 601 
168 169 601 
167 601 
166 167 601 
165 601 
164 601 
163 601 
162 601 
161 162 601 
160 601 
159 160 601 
158 159 160 601 
157 601 
156 601 
155 601 
154 601 
153 601 
152 601 
151 152 601 
150 601 
149 150 601 
148 601 
147 148 601 
146 601 
145 146 601 
144 601 
143 144 601 
142 601 
141 601 
140 601 
139 140 601 
138 601 
137 601 
136 601 
135 139 140 601 
134 601 
133 134 601 
132 133 134 601 
131 132 133 134 601 
130 131 132 133 134 601 
129 130 131 132 133 134 601 
128 129 130 131 132 133 134 601 
127 128 129 130 131 132 133 134 601 
126 127 128 129 130 131 132 133 134 601 
125 126 127 128 129 130 131 132 133 134 601 
124 125 126 127 128 129 130 131 132 133 134 601 
123 124 125 126 127 128 129 130 131 132 133 134 601 
122 123 124 125 126 127 128 129 130 131 132 133 134 601 
121 122 123 124 125 126 127 128 129 130 131 132 133 134 601 
120 121 122 123 124 125 126 127 128 129 130 131 132 133 134 601 
119 120 121 122 123 124 125 126 127 128 129 130 131 132 133 134 601 
118 119 120 121 122 123 124 125 126 127 128 129 130 131 132 133 134 601 
117 118 119 120 121 122 123 124 125 126 127 128 129 130 131 132 133 134 601 
116 117 118 119 120 121 122 123 124 125 126 127 128 129 130 131 132 133 134 601 
115 116 117 118 119 120 121 122 123 124 125 126 127 128 129 130 131 132 133 134 601 
114 115 116 117 118 119 120 121 122 123 124 125 126 127 128 129 130 131 132 133 134 601 
113 114 115 116 117 118 119 120 121 122 123 124 125 126 127 128 129 130 131 132 133 134 601 
112 113 114 115 116 117 118 119 120 121 122 123 124 125 126 127 128 129 130 131 132 133 134 601 
111 112 113 114 115 116 117 118 119 120 121 122 123 124 125 126 127 128 129 130 131 132 133 134 601 
110 111 112 113 114 115 116 117 118 119 120 121 122 123 124 125 126 127 128 129 130 131 132 133 134 601 
109 110 111 112 113 114 115 116 117 118 119 120 121 122 123 124 125 126 127 128 129 130 131 132 133 134 601 
108 109 110 111 112 113 114 115 116 117 118 119 120 121 122 123 124 125 126 127 128 129 130 131 132 133 134 601 
107 108 109 110 111 112 113 114 115 116 117 118 119 120 121 122 123 124 125 126 127 128 129 130 131 132 133 134 601 
106 107 108 109 110 111 112 113 114 115 116 117 118 119 120 121 122 123 124 125 126 127 128 129 130 131 132 133 134 601 
105 106 107 108 109 110 111 112 113 114 115 116 117 118 119 120 121 122 123 124 125 126 127 128 129 130 131 132 133 134 601 
104 105 106 107 108 109 110 111 112 113 114 115 116 117 118 119 120 121 122 123 124 125 126 127 128 129 130 131 132 133 134 601 
103 104 105 106 107 108 109 110 111 112 113 114 115 116 117 118 119 120 121 122 123 124 125 126 127 128 129 130 131 132 133 134 601 
102 103 104 105 106 107 108 109 110 111 112 113 114 115 116 117 118 119 120 121 122 123 124 125 126 127 128 129 130 131 132 133 134 601 
101 102 103 104 105 106 107 108 109 110 111 112 113 114 115 116 117 118 119 120 121 122 123 124 125 126 127 128 129 130 131 132 133 134 601 
100 601 
99 601 
98 99 601 
97 98 99 601 
96 97 98 99 601 
95 96 97 98 99 601 
94 95 96 97 98 99 601 
93 94 95 96 97 98 99 601 
92 93 94 95 96 97 98 99 601 
91 92 93 94 95 96 97 98 99 601 
90 91 92 93 94 95 96 97 98 99 601 
89 90 91 92 93 94 95 96 97 98 99 601 
88 89 90 91 92 93 94 95 96 97 98 99 601 
87 88 89 90 91 92 93 94 95 96 97 98 99 601 
86 87 88 89 90 91 92 93 94 95 96 97 98 99 601 
85 86 87 88 89 90 91 92 93 94 95 96 97 98 99 601 
84 85 86 87 88 89 90 91 92 93 94 95 96 97 98 99 601 
83 84 85 86 87 88 89 90 91 92 93 94 95 96 97 98 99 601 
82 83 84 85 86 87 88 89 90 91 92 93 94 95 96 97 98 99 601 
81 82 83 84 85 86 87 88 89 90 91 92 93 94 95 96 97 98 99 601 
80 81 82 83 84 85 86 87 88 89 90 91 92 93 94 95 96 97 98 99 601 
79 80 81 82 83 84 85 86 87 88 89 90 91 92 93 94 95 96 97 98 99 601 
78 79 80 81 82 83 84 85 86 87 88 89 90 91 92 93 94 95 96 97 98 99 601 
77 78 79 80 81 82 83 84 85 86 87 88 89 90 91 92 93 94 95 96 97 98 99 601 
76 77 78 79 80 81 82 83 84 85 86 87 88 89 90 91 92 93 94 95 96 97 98 99 601 
75 76 77 78 79 80 81 82 83 84 85 86 87 88 89 90 91 92 93 94 95 96 97 98 99 601 
74 75 76 77 78 79 80 81 82 83 84 85 86 87 88 89 90 91 92 93 94 95 96 97 98 99 601 
73 74 75 76 77 78 79 80 81 82 83 84 85 86 87 88 89 90 91 92 93 94 95 96 97 98 99 601 
72 73 74 75 76 77 78 79 80 81 82 83 84 85 86 87 88 89 90 91 92 93 94 95 96 97 98 99 601 
71 72 73 74 75 76 77 78 79 80 81 82 83 84 85 86 87 88 89 90 91 92 93 94 95 96 97 98 99 601 
70 71 72 73 74 75 76 77 78 79 80 81 82 83 84 85 86 87 88 89 90 91 92 93 94 95 96 97 98 99 601 
69 70 71 72 73 74 75 76 77 78 79 80 81 82 83 84 85 86 87 88 89 90 91 92 93 94 95 96 97 98 99 601 
68 69 70 71 72 73 74 75 76 77 78 79 80 81 82 83 84 85 86 87 88 89 90 91 92 93 94 95 96 97 98 99 601 
67 68 69 70 71 72 73 74 75 76 77 78 79 80 81 82 83 84 85 86 87 88 89 90 91 92 93 94 95 96 97 98 99 601 
66 67 68 69 70 71 72 73 74 75 76 77 78 79 80 81 82 83 84 85 86 87 88 89 90 91 92 93 94 95 96 97 98 99 601 
65 66 67 68 69 70 71 72 73 74 75 76 77 78 79 80 81 82 83 84 85 86 87 88 89 90 91 92 93 94 95 96 97 98 99 601 
64 601 
63 601 
62 601 
61 601 
60 601 
59 60 601 
58 601 
57 58 601 
56 57 58 601 
55 601 
54 601 
53 601 
52 601 
51 601 
50 601 
49 50 601 
48 49 50 601 
47 49 50 601 
46 49 50 601 
45 49 50 601 
44 601 
43 601 
42 601 
41 601 
40 41 601 
39 601 
38 601 
37 601 
36 40 41 601 
35 601 
34 601 
33 34 601 
32 33 34 601 
31 33 34 601 
30 33 34 601 
29 601 
28 29 601 
27 601 
26 28 29 601 
25 601 
24 25 601 
23 24 25 601 
480 481 601 
