200 201 
190 201 
199 200 
198 200 
197 200 
196 200 
195 200 
194 200 
193 200 
188 200 
187 200 
186 200 
185 200 
184 200 
183 200 
182 200 
181 200 
180 200 
179 200 
178 200 
177 200 
176 200 
175 200 
174 200 
173 200 
172 200 
171 200 
170 200 
169 200 
168 200 
167 200 
166 200 
165 200 
164 200 
163 200 
162 200 
161 200 
160 200 
159 200 
158 200 
157 200 
156 200 
155 200 
154 200 
153 200 
152 200 
151 200 
150 200 
149 200 
148 200 
147 200 
146 200 
145 200 
144 200 
143 200 
142 200 
141 200 
140 200 
139 200 
138 200 
137 200 
136 200 
135 200 
134 200 
133 200 
132 200 
131 200 
130 200 
129 200 
128 200 
127 200 
126 200 
125 200 
124 200 
123 163 200 
122 200 
121 200 
120 200 
119 200 
118 200 
117 200 
116 160 200 
115 200 
114 159 200 
113 200 
112 200 
111 200 
110 200 
97 200 
96 200 
95 200 
94 200 
93 200 
92 200 
91 200 
90 200 
89 200 
88 200 
87 200 
86 200 
85 200 
84 200 
83 200 
82 200 
81 200 
80 200 
79 200 
78 200 
77 200 
76 200 
75 200 
74 200 
73 200 
72 200 
71 200 
70 200 
69 200 
68 200 
67 200 
66 200 
65 163 200 
64 163 200 
63 200 
62 200 
61 200 
60 200 
59 200 
58 160 200 
57 200 
56 200 
55 200 
54 159 200 
53 200 
52 200 
51 200 
50 200 
49 200 
48 200 
47 200 
46 200 
45 200 
44 200 
43 200 
42 200 
41 200 
40 200 
39 200 
38 200 
37 200 
36 200 
35 200 
34 200 
33 200 
32 200 
31 200 
30 200 
29 200 
28 200 
27 200 
26 143 200 
25 200 
24 200 
23 200 
22 200 
21 200 
20 200 
19 200 
18 200 
17 140 200 
16 200 
15 200 
14 200 
13 200 
12 200 
11 200 
10 200 
9 200 
8 200 
7 200 
6 200 
5 200 
4 200 
3 200 
2 200 
1 134 200 
189 193 
183 192 
129 192 
90 192 
89 192 
188 191 
175 191 
158 191 
174 189 
25 189 
24 189 
23 189 
123 163 
65 163 
64 163 
116 160 
58 160 
114 159 
54 159 
106 155 
105 153 
104 149 
101 144 
26 143 
17 140 
1 134 
98 132 
103 113 
96 109 
88 108 
87 108 
86 108 
63 107 
62 107 
41 103 
40 103 
39 103 
34 102 
33 102 
7 99 
6 99 
5 99 
4 99 
big INT: 3
