7949
7951
7955
7956
7957
7958
7959
7966
7967
7968
7973
7978
7979
7980
7987
8007
8011
8019
8028
8032
8033
8044
8048
8049
8050
8053
8061
8065
8066
8071
8073
8076
8077
8078
8083
8087
8088
8092
8093
8094
8095
8096
8101
8102
8116
8128
8133
8150
8153
8154
8159
8160
8162
8169
8177
8178
8179
8182
8187
8196
8199
8200
8201
8204
8207
8213
8214
8219
8220
8222
8225
8230
8231
8232
8235
8238
8243
8248
8252
8262
8264
8267
8270
8279
8280
8283
8284
8285
8292
8293
8299
8311
8316
8319
8321
8324
8327
8576
8586
8608
8611
8621
8625
8628
8638
8641
8655
8674
8686
8726
8733
8734
8735
8739
8740
8741
8744
8745
8912
8917
8919
8923
8924
8926
9016
9070
9095
9096
9102
9116
9117
9118
9120
9121
9123
9125
9126
9127
9129
9132
9133
9135
9136
9137
9139
9142
9144
9145
9152
9154
9155
9157
9158
9159
9160
9161
9163
9165
9166
9169
9170
9171
9172
9173
9175
9177
9182
9184
9186
9190
9199
9210
9214
9222
9243
9244
9252
9261
9262
9268
9272
9280
9295
9443
9449
9453
9466
9485
9530
9532
9550
9553
9570
9573
9574
9575
9576
9580
9582
9597
9599
