26 751 752 
26 750 751 
26 749 751 
26 748 751 
26 747 751 
26 746 751 
26 745 751 
26 744 751 
26 743 751 
26 742 751 
26 741 751 
26 740 751 
26 739 751 
26 738 751 
26 737 751 
26 736 751 
26 735 751 
26 734 751 
26 733 751 
26 732 751 
26 731 751 
26 730 751 
26 729 751 
26 728 751 
26 727 751 
26 726 751 
26 725 751 
26 724 751 
26 723 751 
26 722 751 
26 721 751 
26 720 751 
26 719 751 
26 718 751 
26 717 751 
26 716 751 
26 715 751 
26 714 751 
26 713 751 
26 712 751 
26 711 751 
26 710 751 
26 709 751 
26 708 751 
26 707 751 
26 706 751 
26 705 751 
26 704 751 
26 703 751 
26 702 751 
26 701 751 
26 700 751 
26 699 751 
26 698 751 
26 697 751 
26 696 751 
26 695 751 
26 694 751 
26 693 751 
26 692 751 
26 691 751 
26 690 751 
26 689 751 
26 688 751 
26 687 751 
26 686 751 
26 685 751 
26 684 751 
26 683 751 
26 674 682 751 
26 674 681 751 
26 674 680 751 
26 674 679 751 
26 674 678 751 
26 674 677 751 
26 674 676 751 
26 674 675 751 
26 674 751 
26 673 751 
26 672 751 
26 671 751 
26 670 751 
26 669 751 
26 668 751 
26 667 751 
26 666 751 
26 665 751 
26 664 751 
26 663 751 
26 662 751 
26 661 751 
26 660 751 
26 659 751 
26 658 751 
26 657 751 
26 656 751 
26 655 751 
26 654 751 
26 653 751 
26 652 751 
26 651 751 
26 650 751 
26 649 751 
26 648 751 
26 647 751 
26 646 647 751 
26 645 647 751 
26 644 751 
26 643 751 
5 642 751 
5 641 642 751 
5 640 642 751 
5 639 642 751 
5 638 751 
5 637 638 751 
5 636 638 751 
5 635 638 751 
5 634 751 
5 633 634 751 
5 632 634 751 
5 631 634 751 
5 630 751 
5 629 630 751 
5 628 630 751 
5 627 630 751 
5 626 751 
5 625 626 751 
5 624 626 751 
5 623 626 751 
5 622 751 
5 621 622 751 
5 620 622 751 
5 619 622 751 
5 618 751 
5 617 618 751 
5 616 618 751 
5 615 618 751 
5 614 751 
5 613 614 751 
5 612 614 751 
5 611 614 751 
5 610 751 
5 609 610 751 
5 608 610 751 
5 607 610 751 
606 751 
605 606 751 
604 605 606 751 
603 604 605 606 751 
602 606 751 
601 606 751 
600 606 751 
599 606 751 
598 606 751 
597 606 751 
596 606 751 
595 606 751 
594 606 751 
593 606 751 
592 606 751 
591 606 751 
590 606 751 
589 606 751 
588 606 751 
587 606 751 
586 606 751 
585 606 751 
584 606 751 
583 606 751 
582 606 751 
581 606 751 
580 606 751 
579 606 751 
578 579 606 751 
577 606 751 
576 606 751 
575 606 751 
574 575 606 751 
573 606 751 
572 573 606 751 
571 572 573 606 751 
570 573 606 751 
566 569 606 751 
566 568 569 606 751 
566 567 606 751 
566 606 751 
565 606 751 
564 565 606 751 
563 564 565 606 751 
562 565 606 751 
558 561 606 751 
558 560 561 606 751 
558 559 606 751 
558 606 751 
557 606 751 
556 606 751 
555 556 606 751 
554 606 751 
553 606 751 
552 606 751 
551 606 751 
550 606 751 
549 606 751 
548 606 751 
547 606 751 
546 606 751 
545 606 751 
541 544 606 751 
541 543 606 751 
541 542 606 751 
541 606 751 
537 540 606 751 
537 539 606 751 
537 538 606 751 
537 606 751 
536 606 751 
535 606 751 
534 606 751 
533 606 751 
532 606 751 
531 606 751 
530 606 751 
529 606 751 
528 529 606 751 
527 606 751 
526 527 606 751 
525 606 751 
524 606 751 
523 606 751 
522 606 751 
521 606 751 
520 606 751 
519 606 751 
518 606 751 
517 518 606 751 
516 606 751 
515 606 751 
514 606 751 
513 606 751 
512 606 751 
511 606 751 
510 511 606 751 
509 511 606 751 
508 606 751 
507 606 751 
506 606 751 
505 606 751 
503 606 751 
502 606 751 
501 502 606 751 
500 606 751 
499 500 606 751 
498 606 751 
497 606 751 
496 606 751 
495 606 751 
494 606 751 
493 606 751 
492 606 751 
491 606 751 
490 491 606 751 
489 606 751 
488 489 606 751 
484 487 606 751 
484 486 487 606 751 
485 606 751 
484 606 751 
483 606 751 
482 606 751 
481 606 751 
480 481 606 751 
479 606 751 
478 479 606 751 
477 478 479 606 751 
476 606 751 
475 606 751 
474 475 606 751 
473 474 475 606 751 
472 606 751 
471 606 751 
470 606 751 
469 606 751 
468 606 751 
467 606 751 
466 606 751 
465 466 606 751 
459 464 606 751 
459 463 464 606 751 
462 606 751 
461 606 751 
459 460 606 751 
459 606 751 
458 606 751 
457 458 606 751 
456 606 751 
455 456 606 751 
454 606 751 
453 454 606 751 
452 606 751 
451 452 606 751 
450 606 751 
449 450 606 751 
448 606 751 
447 606 751 
446 606 751 
445 446 606 751 
444 446 606 751 
443 606 751 
442 606 751 
441 606 751 
440 606 751 
439 606 751 
438 606 751 
437 606 751 
436 606 751 
435 606 751 
434 606 751 
433 606 751 
432 606 751 
431 606 751 
430 606 751 
429 606 751 
428 606 751 
427 606 751 
426 606 751 
425 606 751 
424 606 751 
423 606 751 
422 606 751 
421 606 751 
420 606 751 
419 606 751 
418 606 751 
417 606 751 
416 606 751 
415 606 751 
414 606 751 
413 606 751 
412 606 751 
411 606 751 
410 606 751 
409 606 751 
408 606 751 
407 606 751 
406 407 606 751 
405 406 407 606 751 
404 606 751 
403 606 751 
402 606 751 
401 606 751 
400 606 751 
399 400 606 751 
398 399 400 606 751 
397 606 751 
396 606 751 
395 606 751 
394 606 751 
393 606 751 
392 393 606 751 
391 392 393 606 751 
384 385 390 606 751 
384 385 389 606 751 
384 385 388 606 751 
384 385 387 606 751 
384 385 386 606 751 
385 606 751 
384 385 606 751 
383 384 385 606 751 
382 606 751 
381 606 751 
380 606 751 
379 606 751 
378 606 751 
377 606 751 
376 606 751 
375 606 751 
374 606 751 
373 606 751 
372 606 751 
371 606 751 
370 606 751 
369 606 751 
368 606 751 
367 606 751 
366 606 751 
365 606 751 
364 606 751 
363 606 751 
362 606 751 
361 606 751 
360 606 751 
359 606 751 
358 606 751 
357 606 751 
356 606 751 
355 606 751 
354 606 751 
353 606 751 
352 606 751 
351 606 751 
350 606 751 
349 606 751 
348 606 751 
347 606 751 
346 606 751 
345 606 751 
344 606 751 
343 606 751 
342 606 751 
341 606 751 
340 606 751 
339 606 751 
338 606 751 
337 606 751 
336 606 751 
335 606 751 
334 606 751 
333 606 751 
332 606 751 
331 606 751 
330 606 751 
329 606 751 
328 606 751 
327 606 751 
326 606 751 
325 606 751 
324 606 751 
323 324 606 751 
322 323 324 606 751 
321 606 751 
320 606 751 
319 606 751 
318 606 751 
317 606 751 
316 606 751 
315 606 751 
314 606 751 
313 606 751 
307 312 606 751 
307 311 312 606 751 
310 606 751 
309 606 751 
307 308 606 751 
307 606 751 
306 606 751 
305 606 751 
304 606 751 
303 606 751 
302 606 751 
301 606 751 
300 606 751 
299 606 751 
298 606 751 
297 606 751 
296 606 751 
295 606 751 
294 606 751 
293 606 751 
292 606 751 
291 606 751 
290 606 751 
289 606 751 
288 606 751 
287 606 751 
286 606 751 
285 606 751 
284 606 751 
283 606 751 
282 606 751 
281 606 751 
280 606 751 
279 606 751 
278 606 751 
277 606 751 
276 606 751 
275 606 751 
274 606 751 
273 606 751 
272 606 751 
271 606 751 
270 606 751 
269 606 751 
268 606 751 
267 606 751 
266 606 751 
265 606 751 
264 606 751 
263 606 751 
262 606 751 
261 606 751 
260 606 751 
259 606 751 
258 606 751 
257 606 751 
256 606 751 
255 606 751 
254 606 751 
253 606 751 
252 606 751 
251 606 751 
250 606 751 
249 606 751 
248 606 751 
247 606 751 
246 606 751 
245 606 751 
244 606 751 
243 606 751 
242 606 751 
241 606 751 
240 606 751 
239 606 751 
238 606 751 
237 606 751 
236 606 751 
235 606 751 
234 606 751 
233 234 606 751 
232 606 751 
231 606 751 
230 606 751 
229 606 751 
228 606 751 
227 606 751 
226 606 751 
225 606 751 
224 606 751 
223 224 606 751 
222 606 751 
221 606 751 
220 606 751 
219 606 751 
218 606 751 
217 606 751 
216 606 751 
215 606 751 
214 606 751 
213 606 751 
212 606 751 
211 606 751 
210 606 751 
209 210 606 751 
208 209 210 606 751 
207 209 210 606 751 
206 606 751 
205 206 606 751 
204 205 206 606 751 
203 205 206 606 751 
202 606 751 
201 202 606 751 
200 606 751 
199 606 751 
198 606 751 
197 201 202 606 751 
196 606 751 
195 606 751 
194 606 751 
193 606 751 
192 606 751 
191 606 751 
190 191 606 751 
189 190 191 606 751 
188 189 190 191 606 751 
187 190 191 606 751 
186 190 191 606 751 
185 190 191 606 751 
184 188 189 190 191 606 751 
183 606 751 
182 606 751 
181 606 751 
180 181 606 751 
179 180 181 606 751 
178 180 181 606 751 
177 606 751 
176 606 751 
175 606 751 
174 606 751 
173 606 751 
172 173 606 751 
171 606 751 
170 171 606 751 
169 606 751 
168 606 751 
167 606 751 
166 606 751 
165 166 606 751 
164 606 751 
163 164 606 751 
162 163 164 606 751 
161 606 751 
160 606 751 
159 606 751 
158 606 751 
157 606 751 
156 606 751 
155 156 606 751 
154 606 751 
153 154 606 751 
152 606 751 
151 152 606 751 
150 606 751 
149 150 606 751 
148 606 751 
147 148 606 751 
146 606 751 
145 606 751 
144 606 751 
143 144 606 751 
142 606 751 
141 606 751 
140 606 751 
139 143 144 606 751 
138 606 751 
137 138 606 751 
136 137 138 606 751 
135 136 137 138 606 751 
134 135 136 137 138 606 751 
133 134 135 136 137 138 606 751 
132 133 134 135 136 137 138 606 751 
131 132 133 134 135 136 137 138 606 751 
130 131 132 133 134 135 136 137 138 606 751 
129 130 131 132 133 134 135 136 137 138 606 751 
128 129 130 131 132 133 134 135 136 137 138 606 751 
127 128 129 130 131 132 133 134 135 136 137 138 606 751 
126 127 128 129 130 131 132 133 134 135 136 137 138 606 751 
125 126 127 128 129 130 131 132 133 134 135 136 137 138 606 751 
124 125 126 127 128 129 130 131 132 133 134 135 136 137 138 606 751 
123 124 125 126 127 128 129 130 131 132 133 134 135 136 137 138 606 751 
122 123 124 125 126 127 128 129 130 131 132 133 134 135 136 137 138 606 751 
121 122 123 124 125 126 127 128 129 130 131 132 133 134 135 136 137 138 606 751 
120 121 122 123 124 125 126 127 128 129 130 131 132 133 134 135 136 137 138 606 751 
119 120 121 122 123 124 125 126 127 128 129 130 131 132 133 134 135 136 137 138 606 751 
118 119 120 121 122 123 124 125 126 127 128 129 130 131 132 133 134 135 136 137 138 606 751 
117 118 119 120 121 122 123 124 125 126 127 128 129 130 131 132 133 134 135 136 137 138 606 751 
116 117 118 119 120 121 122 123 124 125 126 127 128 129 130 131 132 133 134 135 136 137 138 606 751 
115 116 117 118 119 120 121 122 123 124 125 126 127 128 129 130 131 132 133 134 135 136 137 138 606 751 
114 115 116 117 118 119 120 121 122 123 124 125 126 127 128 129 130 131 132 133 134 135 136 137 138 606 751 
113 114 115 116 117 118 119 120 121 122 123 124 125 126 127 128 129 130 131 132 133 134 135 136 137 138 606 751 
112 113 114 115 116 117 118 119 120 121 122 123 124 125 126 127 128 129 130 131 132 133 134 135 136 137 138 606 751 
111 112 113 114 115 116 117 118 119 120 121 122 123 124 125 126 127 128 129 130 131 132 133 134 135 136 137 138 606 751 
110 111 112 113 114 115 116 117 118 119 120 121 122 123 124 125 126 127 128 129 130 131 132 133 134 135 136 137 138 606 751 
109 110 111 112 113 114 115 116 117 118 119 120 121 122 123 124 125 126 127 128 129 130 131 132 133 134 135 136 137 138 606 751 
108 109 110 111 112 113 114 115 116 117 118 119 120 121 122 123 124 125 126 127 128 129 130 131 132 133 134 135 136 137 138 606 751 
107 108 109 110 111 112 113 114 115 116 117 118 119 120 121 122 123 124 125 126 127 128 129 130 131 132 133 134 135 136 137 138 606 751 
106 107 108 109 110 111 112 113 114 115 116 117 118 119 120 121 122 123 124 125 126 127 128 129 130 131 132 133 134 135 136 137 138 606 751 
105 106 107 108 109 110 111 112 113 114 115 116 117 118 119 120 121 122 123 124 125 126 127 128 129 130 131 132 133 134 135 136 137 138 606 751 
104 606 751 
103 606 751 
102 103 606 751 
101 102 103 606 751 
100 101 102 103 606 751 
99 100 101 102 103 606 751 
98 99 100 101 102 103 606 751 
97 98 99 100 101 102 103 606 751 
96 97 98 99 100 101 102 103 606 751 
95 96 97 98 99 100 101 102 103 606 751 
94 95 96 97 98 99 100 101 102 103 606 751 
93 94 95 96 97 98 99 100 101 102 103 606 751 
92 93 94 95 96 97 98 99 100 101 102 103 606 751 
91 92 93 94 95 96 97 98 99 100 101 102 103 606 751 
90 91 92 93 94 95 96 97 98 99 100 101 102 103 606 751 
89 90 91 92 93 94 95 96 97 98 99 100 101 102 103 606 751 
88 89 90 91 92 93 94 95 96 97 98 99 100 101 102 103 606 751 
87 88 89 90 91 92 93 94 95 96 97 98 99 100 101 102 103 606 751 
86 87 88 89 90 91 92 93 94 95 96 97 98 99 100 101 102 103 606 751 
85 86 87 88 89 90 91 92 93 94 95 96 97 98 99 100 101 102 103 606 751 
84 85 86 87 88 89 90 91 92 93 94 95 96 97 98 99 100 101 102 103 606 751 
83 84 85 86 87 88 89 90 91 92 93 94 95 96 97 98 99 100 101 102 103 606 751 
82 83 84 85 86 87 88 89 90 91 92 93 94 95 96 97 98 99 100 101 102 103 606 751 
81 82 83 84 85 86 87 88 89 90 91 92 93 94 95 96 97 98 99 100 101 102 103 606 751 
80 81 82 83 84 85 86 87 88 89 90 91 92 93 94 95 96 97 98 99 100 101 102 103 606 751 
79 80 81 82 83 84 85 86 87 88 89 90 91 92 93 94 95 96 97 98 99 100 101 102 103 606 751 
78 79 80 81 82 83 84 85 86 87 88 89 90 91 92 93 94 95 96 97 98 99 100 101 102 103 606 751 
77 78 79 80 81 82 83 84 85 86 87 88 89 90 91 92 93 94 95 96 97 98 99 100 101 102 103 606 751 
76 77 78 79 80 81 82 83 84 85 86 87 88 89 90 91 92 93 94 95 96 97 98 99 100 101 102 103 606 751 
75 76 77 78 79 80 81 82 83 84 85 86 87 88 89 90 91 92 93 94 95 96 97 98 99 100 101 102 103 606 751 
74 75 76 77 78 79 80 81 82 83 84 85 86 87 88 89 90 91 92 93 94 95 96 97 98 99 100 101 102 103 606 751 
73 74 75 76 77 78 79 80 81 82 83 84 85 86 87 88 89 90 91 92 93 94 95 96 97 98 99 100 101 102 103 606 751 
72 73 74 75 76 77 78 79 80 81 82 83 84 85 86 87 88 89 90 91 92 93 94 95 96 97 98 99 100 101 102 103 606 751 
71 72 73 74 75 76 77 78 79 80 81 82 83 84 85 86 87 88 89 90 91 92 93 94 95 96 97 98 99 100 101 102 103 606 751 
70 71 72 73 74 75 76 77 78 79 80 81 82 83 84 85 86 87 88 89 90 91 92 93 94 95 96 97 98 99 100 101 102 103 606 751 
69 70 71 72 73 74 75 76 77 78 79 80 81 82 83 84 85 86 87 88 89 90 91 92 93 94 95 96 97 98 99 100 101 102 103 606 751 
68 606 751 
67 606 751 
66 606 751 
65 606 751 
64 606 751 
63 64 606 751 
62 606 751 
61 62 606 751 
60 61 62 606 751 
59 606 751 
58 606 751 
57 606 751 
56 606 751 
55 606 751 
54 606 751 
53 54 606 751 
52 53 54 606 751 
51 53 54 606 751 
50 53 54 606 751 
49 53 54 606 751 
48 606 751 
47 606 751 
46 606 751 
45 606 751 
44 45 606 751 
43 606 751 
42 606 751 
41 606 751 
40 44 45 606 751 
39 606 751 
38 606 751 
37 38 606 751 
36 37 38 606 751 
35 37 38 606 751 
34 37 38 606 751 
33 606 751 
32 33 606 751 
31 606 751 
30 32 33 606 751 
29 606 751 
28 29 606 751 
27 28 29 606 751 
26 751 
25 26 750 751 
24 26 748 751 
23 26 747 751 
22 26 751 
21 26 751 
20 26 751 
19 26 751 
18 26 751 
17 26 751 
16 26 751 
15 26 751 
14 26 751 
13 26 751 
12 26 751 
11 26 751 
10 26 751 
9 751 
8 751 
7 751 
6 751 
5 751 
4 751 
3 751 
2 606 751 
504 606 
2 606 
1 606 
484 485 606 751 
1 2 606 
