24 748 
24 747 
23 24 747 
24 746 
24 745 
22 24 745 
24 744 
21 24 744 
24 743 
24 742 
24 741 
24 740 
24 739 
24 738 
24 737 
24 736 
24 735 
24 734 
24 733 
24 732 
24 731 
24 730 
24 729 
24 728 
24 727 
24 726 
24 725 
24 724 
24 723 
24 722 
24 721 
24 720 
24 719 
24 718 
24 717 
24 716 
24 715 
24 714 
24 713 
24 712 
24 711 
24 710 
24 709 
24 708 
24 707 
24 706 
24 705 
24 704 
24 703 
24 702 
24 701 
24 700 
24 699 
24 698 
24 697 
24 696 
24 695 
24 694 
24 693 
24 692 
24 691 
24 690 
24 689 
24 688 
24 687 
24 686 
24 685 
24 684 
24 683 
24 682 
24 681 
24 680 
24 671 679 
24 671 678 
24 671 677 
24 671 676 
24 671 675 
24 671 674 
24 671 673 
24 671 672 
24 671 
24 670 
24 669 
24 668 
24 667 
24 666 
24 665 
24 664 
24 663 
24 662 
24 661 
24 660 
24 659 
24 658 
24 657 
24 656 
24 655 
24 654 
24 653 
24 652 
24 651 
24 650 
24 649 
24 648 
24 647 
24 646 
24 645 
24 643 644 
24 642 644 
24 644 
24 641 
24 640 
3 638 639 
3 637 639 
3 636 639 
3 639 
3 634 635 
3 633 635 
3 632 635 
3 635 
3 630 631 
3 629 631 
3 628 631 
3 631 
3 626 627 
3 625 627 
3 624 627 
3 627 
3 622 623 
3 621 623 
3 620 623 
3 623 
3 618 619 
3 617 619 
3 616 619 
3 619 
3 614 615 
3 613 615 
3 612 615 
3 615 
3 610 611 
3 609 611 
3 608 611 
3 611 
3 606 607 
3 605 607 
3 604 607 
3 607 
602 603 
601 602 603 
600 601 602 603 
599 603 
598 603 
597 603 
596 603 
595 603 
594 603 
593 603 
592 603 
591 603 
590 603 
589 603 
588 603 
587 603 
586 603 
585 603 
584 603 
583 603 
582 603 
581 603 
580 603 
579 603 
578 603 
577 603 
576 603 
575 576 603 
574 603 
573 603 
572 603 
571 572 603 
570 603 
569 570 603 
568 569 570 603 
567 570 603 
563 566 603 
563 565 566 603 
563 564 603 
563 603 
562 603 
561 562 603 
560 561 562 603 
559 562 603 
555 558 603 
555 557 558 603 
555 556 603 
555 603 
554 603 
553 603 
552 553 603 
551 603 
550 603 
549 603 
548 603 
547 603 
546 603 
545 603 
544 603 
543 603 
542 603 
538 541 603 
538 540 603 
538 539 603 
538 603 
534 537 603 
534 536 603 
534 535 603 
534 603 
533 603 
532 603 
531 603 
530 603 
529 603 
528 603 
527 603 
526 603 
525 526 603 
524 603 
523 524 603 
522 603 
521 603 
520 603 
519 603 
518 603 
517 603 
516 603 
515 603 
514 515 603 
513 603 
512 603 
511 603 
510 603 
509 603 
508 603 
507 508 603 
506 508 603 
505 603 
504 603 
503 603 
502 603 
501 603 
500 603 
499 500 603 
498 603 
497 498 603 
496 603 
495 603 
494 603 
493 603 
492 603 
491 603 
490 603 
489 603 
488 489 603 
487 603 
486 487 603 
482 485 603 
482 484 485 603 
483 603 
482 603 
481 603 
480 603 
479 603 
478 479 603 
477 603 
476 477 603 
475 476 477 603 
474 603 
473 603 
472 473 603 
471 472 473 603 
470 603 
469 603 
468 603 
467 603 
466 603 
465 603 
464 603 
463 464 603 
457 462 603 
457 461 462 603 
460 603 
459 603 
457 458 603 
457 603 
456 603 
455 456 603 
454 603 
453 454 603 
452 603 
451 452 603 
450 603 
449 450 603 
448 603 
447 448 603 
446 603 
445 603 
444 603 
443 444 603 
442 444 603 
441 603 
440 603 
439 603 
438 603 
437 603 
436 603 
435 603 
434 603 
433 603 
432 603 
431 603 
430 603 
429 603 
428 603 
427 603 
426 603 
425 603 
424 603 
423 603 
422 603 
421 603 
420 603 
419 603 
418 603 
417 603 
416 603 
415 603 
414 603 
413 603 
412 603 
411 603 
410 603 
409 603 
408 603 
407 603 
406 603 
405 603 
404 405 603 
403 404 405 603 
402 603 
401 603 
400 603 
399 603 
398 603 
397 398 603 
396 397 398 603 
395 603 
394 603 
393 603 
392 603 
391 603 
390 391 603 
389 390 391 603 
382 383 388 603 
382 383 387 603 
382 383 386 603 
382 383 385 603 
382 383 384 603 
383 603 
382 383 603 
381 382 383 603 
380 603 
379 603 
378 603 
377 603 
376 603 
375 603 
374 603 
373 603 
372 603 
371 603 
370 603 
369 603 
368 603 
367 603 
366 603 
365 603 
364 603 
363 603 
362 603 
361 603 
360 603 
359 603 
358 603 
357 603 
356 603 
355 603 
354 603 
353 603 
352 603 
351 603 
350 603 
349 603 
348 603 
347 603 
346 603 
345 603 
344 603 
343 603 
342 603 
341 603 
340 603 
339 603 
338 603 
337 603 
336 603 
335 603 
334 603 
333 603 
332 603 
331 603 
330 603 
329 603 
328 603 
327 603 
326 603 
325 603 
324 603 
323 603 
322 603 
321 322 603 
320 321 322 603 
319 603 
318 603 
317 603 
316 603 
315 603 
314 603 
313 603 
312 603 
311 603 
305 310 603 
305 309 310 603 
308 603 
307 603 
305 306 603 
305 603 
304 603 
303 603 
302 603 
301 603 
300 603 
299 603 
298 603 
297 603 
296 603 
295 603 
294 603 
293 603 
292 603 
291 603 
290 603 
289 603 
288 603 
287 603 
286 603 
285 603 
284 603 
283 603 
282 603 
281 603 
280 603 
279 603 
278 603 
277 603 
276 603 
275 603 
274 603 
273 603 
272 603 
271 603 
270 603 
269 603 
268 603 
267 603 
266 603 
265 603 
264 603 
263 603 
262 603 
261 603 
260 603 
259 603 
258 603 
257 603 
256 603 
255 603 
254 603 
253 603 
252 603 
251 603 
250 603 
249 603 
248 603 
247 603 
246 603 
245 603 
244 603 
243 603 
242 603 
241 603 
240 603 
239 603 
238 603 
237 603 
236 603 
235 603 
234 603 
233 603 
232 603 
231 232 603 
230 603 
229 603 
228 603 
227 603 
226 603 
225 603 
224 603 
223 603 
222 603 
221 222 603 
220 603 
219 603 
218 603 
217 603 
216 603 
215 603 
214 603 
213 603 
212 603 
211 603 
210 603 
209 603 
208 603 
207 208 603 
206 207 208 603 
205 207 208 603 
204 603 
203 204 603 
202 203 204 603 
201 203 204 603 
200 603 
199 200 603 
198 603 
197 603 
196 603 
195 199 200 603 
194 603 
193 603 
192 603 
191 603 
190 603 
189 603 
188 189 603 
187 188 189 603 
186 187 188 189 603 
185 188 189 603 
184 188 189 603 
183 188 189 603 
182 186 187 188 189 603 
181 603 
180 603 
179 603 
178 179 603 
177 178 179 603 
176 178 179 603 
175 603 
174 603 
173 603 
172 603 
171 603 
170 171 603 
169 603 
168 169 603 
167 603 
166 603 
165 603 
164 603 
163 164 603 
162 603 
161 162 603 
160 161 162 603 
159 603 
158 603 
157 603 
156 603 
155 603 
154 603 
153 154 603 
152 603 
151 152 603 
150 603 
149 150 603 
148 603 
147 148 603 
146 603 
145 146 603 
144 603 
143 603 
142 603 
141 142 603 
140 603 
139 603 
138 603 
137 141 142 603 
136 603 
135 136 603 
134 135 136 603 
133 134 135 136 603 
132 133 134 135 136 603 
131 132 133 134 135 136 603 
130 131 132 133 134 135 136 603 
129 130 131 132 133 134 135 136 603 
128 129 130 131 132 133 134 135 136 603 
127 128 129 130 131 132 133 134 135 136 603 
126 127 128 129 130 131 132 133 134 135 136 603 
125 126 127 128 129 130 131 132 133 134 135 136 603 
124 125 126 127 128 129 130 131 132 133 134 135 136 603 
123 124 125 126 127 128 129 130 131 132 133 134 135 136 603 
122 123 124 125 126 127 128 129 130 131 132 133 134 135 136 603 
121 122 123 124 125 126 127 128 129 130 131 132 133 134 135 136 603 
120 121 122 123 124 125 126 127 128 129 130 131 132 133 134 135 136 603 
119 120 121 122 123 124 125 126 127 128 129 130 131 132 133 134 135 136 603 
118 119 120 121 122 123 124 125 126 127 128 129 130 131 132 133 134 135 136 603 
117 118 119 120 121 122 123 124 125 126 127 128 129 130 131 132 133 134 135 136 603 
116 117 118 119 120 121 122 123 124 125 126 127 128 129 130 131 132 133 134 135 136 603 
115 116 117 118 119 120 121 122 123 124 125 126 127 128 129 130 131 132 133 134 135 136 603 
114 115 116 117 118 119 120 121 122 123 124 125 126 127 128 129 130 131 132 133 134 135 136 603 
113 114 115 116 117 118 119 120 121 122 123 124 125 126 127 128 129 130 131 132 133 134 135 136 603 
112 113 114 115 116 117 118 119 120 121 122 123 124 125 126 127 128 129 130 131 132 133 134 135 136 603 
111 112 113 114 115 116 117 118 119 120 121 122 123 124 125 126 127 128 129 130 131 132 133 134 135 136 603 
110 111 112 113 114 115 116 117 118 119 120 121 122 123 124 125 126 127 128 129 130 131 132 133 134 135 136 603 
109 110 111 112 113 114 115 116 117 118 119 120 121 122 123 124 125 126 127 128 129 130 131 132 133 134 135 136 603 
108 109 110 111 112 113 114 115 116 117 118 119 120 121 122 123 124 125 126 127 128 129 130 131 132 133 134 135 136 603 
107 108 109 110 111 112 113 114 115 116 117 118 119 120 121 122 123 124 125 126 127 128 129 130 131 132 133 134 135 136 603 
106 107 108 109 110 111 112 113 114 115 116 117 118 119 120 121 122 123 124 125 126 127 128 129 130 131 132 133 134 135 136 603 
105 106 107 108 109 110 111 112 113 114 115 116 117 118 119 120 121 122 123 124 125 126 127 128 129 130 131 132 133 134 135 136 603 
104 105 106 107 108 109 110 111 112 113 114 115 116 117 118 119 120 121 122 123 124 125 126 127 128 129 130 131 132 133 134 135 136 603 
103 104 105 106 107 108 109 110 111 112 113 114 115 116 117 118 119 120 121 122 123 124 125 126 127 128 129 130 131 132 133 134 135 136 603 
102 603 
101 603 
100 101 603 
99 100 101 603 
98 99 100 101 603 
97 98 99 100 101 603 
96 97 98 99 100 101 603 
95 96 97 98 99 100 101 603 
94 95 96 97 98 99 100 101 603 
93 94 95 96 97 98 99 100 101 603 
92 93 94 95 96 97 98 99 100 101 603 
91 92 93 94 95 96 97 98 99 100 101 603 
90 91 92 93 94 95 96 97 98 99 100 101 603 
89 90 91 92 93 94 95 96 97 98 99 100 101 603 
88 89 90 91 92 93 94 95 96 97 98 99 100 101 603 
87 88 89 90 91 92 93 94 95 96 97 98 99 100 101 603 
86 87 88 89 90 91 92 93 94 95 96 97 98 99 100 101 603 
85 86 87 88 89 90 91 92 93 94 95 96 97 98 99 100 101 603 
84 85 86 87 88 89 90 91 92 93 94 95 96 97 98 99 100 101 603 
83 84 85 86 87 88 89 90 91 92 93 94 95 96 97 98 99 100 101 603 
82 83 84 85 86 87 88 89 90 91 92 93 94 95 96 97 98 99 100 101 603 
81 82 83 84 85 86 87 88 89 90 91 92 93 94 95 96 97 98 99 100 101 603 
80 81 82 83 84 85 86 87 88 89 90 91 92 93 94 95 96 97 98 99 100 101 603 
79 80 81 82 83 84 85 86 87 88 89 90 91 92 93 94 95 96 97 98 99 100 101 603 
78 79 80 81 82 83 84 85 86 87 88 89 90 91 92 93 94 95 96 97 98 99 100 101 603 
77 78 79 80 81 82 83 84 85 86 87 88 89 90 91 92 93 94 95 96 97 98 99 100 101 603 
76 77 78 79 80 81 82 83 84 85 86 87 88 89 90 91 92 93 94 95 96 97 98 99 100 101 603 
75 76 77 78 79 80 81 82 83 84 85 86 87 88 89 90 91 92 93 94 95 96 97 98 99 100 101 603 
74 75 76 77 78 79 80 81 82 83 84 85 86 87 88 89 90 91 92 93 94 95 96 97 98 99 100 101 603 
73 74 75 76 77 78 79 80 81 82 83 84 85 86 87 88 89 90 91 92 93 94 95 96 97 98 99 100 101 603 
72 73 74 75 76 77 78 79 80 81 82 83 84 85 86 87 88 89 90 91 92 93 94 95 96 97 98 99 100 101 603 
71 72 73 74 75 76 77 78 79 80 81 82 83 84 85 86 87 88 89 90 91 92 93 94 95 96 97 98 99 100 101 603 
70 71 72 73 74 75 76 77 78 79 80 81 82 83 84 85 86 87 88 89 90 91 92 93 94 95 96 97 98 99 100 101 603 
69 70 71 72 73 74 75 76 77 78 79 80 81 82 83 84 85 86 87 88 89 90 91 92 93 94 95 96 97 98 99 100 101 603 
68 69 70 71 72 73 74 75 76 77 78 79 80 81 82 83 84 85 86 87 88 89 90 91 92 93 94 95 96 97 98 99 100 101 603 
67 68 69 70 71 72 73 74 75 76 77 78 79 80 81 82 83 84 85 86 87 88 89 90 91 92 93 94 95 96 97 98 99 100 101 603 
66 603 
65 603 
64 603 
63 603 
62 603 
61 62 603 
60 603 
59 60 603 
58 59 60 603 
57 603 
56 603 
55 603 
54 603 
53 603 
52 603 
51 52 603 
50 51 52 603 
49 51 52 603 
48 51 52 603 
47 51 52 603 
46 603 
45 603 
44 603 
43 603 
42 43 603 
41 603 
40 603 
39 603 
38 42 43 603 
37 603 
36 603 
35 36 603 
34 35 36 603 
33 35 36 603 
32 35 36 603 
31 603 
30 31 603 
29 603 
28 30 31 603 
27 603 
26 27 603 
25 26 27 603 
482 483 603 
20 24 
19 24 
18 24 
17 24 
16 24 
15 24 
14 24 
13 24 
12 24 
11 24 
10 24 
9 24 
8 24 
