278 279 
277 279 
276 279 
275 279 
274 279 
273 279 
272 279 
271 279 
270 279 
269 279 
268 279 
267 279 
266 279 
265 279 
264 279 
263 279 
262 279 
261 279 
260 279 
259 279 
258 279 
257 279 
256 279 
255 279 
235 254 279 
253 279 
252 279 
251 279 
235 250 279 
249 279 
248 279 
247 279 
246 279 
245 279 
244 279 
243 279 
242 279 
241 279 
240 279 
239 279 
235 238 279 
237 279 
236 279 
235 279 
234 279 
233 241 279 
232 241 279 
231 241 279 
230 241 279 
229 241 279 
228 241 279 
227 241 279 
226 241 279 
225 241 279 
224 241 279 
223 241 279 
222 241 279 
221 241 279 
220 241 279 
219 241 279 
73 218 241 279 
73 217 241 279 
73 216 241 279 
215 241 279 
214 241 279 
213 241 279 
212 241 279 
211 241 279 
210 241 279 
209 241 279 
208 241 279 
207 241 279 
206 241 279 
205 241 279 
204 241 279 
203 241 279 
202 241 279 
201 241 279 
200 241 279 
199 241 279 
198 241 279 
197 241 279 
196 241 279 
195 241 279 
194 241 279 
193 241 279 
192 241 279 
191 241 279 
190 241 279 
189 241 279 
188 241 279 
187 241 279 
186 279 
185 278 279 
184 277 279 
183 279 
182 279 
181 182 279 
180 279 
179 279 
178 279 
177 279 
176 278 279 
175 277 279 
174 279 
173 279 
172 173 279 
171 279 
170 279 
169 279 
168 279 
167 279 
166 167 279 
165 279 
164 165 279 
163 279 
162 279 
161 279 
160 279 
159 160 279 
158 279 
157 158 279 
156 158 279 
155 279 
154 155 279 
153 155 279 
152 279 
151 152 279 
150 152 279 
149 279 
148 279 
147 279 
146 279 
145 279 
144 279 
143 279 
142 241 279 
141 240 279 
140 239 279 
139 274 279 
138 279 
137 279 
136 279 
135 279 
134 241 279 
133 240 279 
132 239 279 
131 279 
130 279 
129 279 
128 279 
127 128 279 
126 279 
125 279 
124 279 
123 279 
122 279 
121 279 
120 279 
119 279 
118 279 
117 279 
116 279 
115 279 
114 279 
113 279 
112 279 
111 279 
110 279 
109 279 
108 279 
107 279 
106 279 
105 279 
104 279 
103 279 
102 279 
101 279 
100 279 
99 269 279 
98 269 279 
97 268 279 
96 268 279 
95 279 
94 95 279 
93 95 113 279 
92 279 
91 92 279 
90 92 279 
89 279 
88 279 
87 88 235 279 
86 279 
85 279 
84 279 
83 84 279 
82 84 279 
81 84 279 
80 279 
79 279 
78 279 
77 279 
76 279 
75 279 
74 279 
73 279 
72 73 279 
71 279 
70 71 279 
69 279 
68 69 279 
67 279 
66 279 
65 279 
64 279 
3 63 64 279 
62 64 279 
61 64 279 
60 64 67 258 279 
59 64 67 279 
58 64 66 279 
57 58 64 66 249 279 
56 58 64 66 248 279 
55 58 64 66 247 279 
54 58 64 66 246 279 
53 58 64 66 235 279 
52 64 279 
3 51 65 279 
50 65 279 
49 65 279 
48 65 67 258 279 
47 65 67 279 
46 65 66 279 
45 46 65 66 249 279 
44 46 65 66 248 279 
43 46 65 66 247 279 
42 46 65 66 246 279 
41 46 65 66 235 279 
40 65 279 
39 279 
38 279 
37 279 
36 279 
35 279 
34 279 
33 279 
32 279 
31 279 
30 279 
29 279 
28 279 
27 279 
26 279 
25 279 
24 279 
23 279 
22 279 
21 279 
20 279 
19 279 
18 279 
17 279 
16 279 
15 279 
14 279 
13 235 279 
12 279 
11 279 
10 279 
9 279 
8 279 
7 279 
6 279 
5 279 
4 279 
3 279 
2 3 279 
1 279 
186 278 279 
167 278 279 
165 278 279 
163 278 279 
162 278 279 
160 278 279 
158 278 279 
155 278 279 
152 278 279 
120 278 279 
119 278 279 
118 278 279 
117 278 279 
116 278 279 
115 278 279 
114 278 279 
113 278 279 
112 278 279 
86 278 279 
85 278 279 
84 278 279 
80 278 279 
79 278 279 
78 278 279 
73 278 279 
72 73 278 279 
71 278 279 
70 71 278 279 
69 278 279 
68 69 278 279 
65 278 279 
64 278 279 
3 63 64 278 279 
52 64 278 279 
3 51 65 278 279 
40 65 278 279 
39 278 279 
38 278 279 
37 278 279 
36 278 279 
35 278 279 
34 278 279 
32 278 279 
31 278 279 
30 278 279 
29 278 279 
28 278 279 
27 278 279 
25 278 279 
24 278 279 
23 278 279 
22 278 279 
21 278 279 
20 278 279 
19 278 279 
15 278 279 
12 278 279 
11 278 279 
10 278 279 
8 278 279 
7 278 279 
3 278 279 
2 3 278 279 
1 278 279 
186 277 279 
167 277 279 
165 277 279 
163 277 279 
162 277 279 
160 277 279 
158 277 279 
155 277 279 
152 277 279 
120 277 279 
119 277 279 
118 277 279 
117 277 279 
116 277 279 
115 277 279 
114 277 279 
113 277 279 
112 277 279 
86 277 279 
85 277 279 
84 277 279 
80 277 279 
79 277 279 
78 277 279 
73 277 279 
72 73 277 279 
71 277 279 
70 71 277 279 
69 277 279 
68 69 277 279 
65 277 279 
64 277 279 
3 63 64 277 279 
52 64 277 279 
3 51 65 277 279 
40 65 277 279 
39 277 279 
38 277 279 
37 277 279 
36 277 279 
35 277 279 
34 277 279 
32 277 279 
31 277 279 
30 277 279 
29 277 279 
28 277 279 
27 277 279 
25 277 279 
24 277 279 
23 277 279 
22 277 279 
21 277 279 
20 277 279 
19 277 279 
15 277 279 
12 277 279 
11 277 279 
10 277 279 
8 277 279 
7 277 279 
3 277 279 
2 3 277 279 
1 277 279 
178 276 279 
169 276 279 
167 276 279 
165 276 279 
160 276 279 
157 158 276 279 
154 155 276 279 
151 152 276 279 
148 276 279 
128 276 279 
119 276 279 
118 276 279 
116 276 279 
112 276 279 
86 276 279 
85 276 279 
83 84 276 279 
80 276 279 
79 276 279 
78 276 279 
72 73 276 279 
70 71 276 279 
68 69 276 279 
3 65 276 279 
3 62 63 64 276 279 
3 50 51 65 276 279 
33 276 279 
26 276 279 
18 25 276 279 
18 276 279 
15 276 279 
7 276 279 
3 276 279 
2 3 276 279 
178 275 279 
169 275 279 
167 275 279 
165 275 279 
160 275 279 
157 158 275 279 
154 155 275 279 
151 152 275 279 
148 275 279 
128 275 279 
119 275 279 
118 275 279 
116 275 279 
112 275 279 
86 275 279 
85 275 279 
83 84 275 279 
80 275 279 
79 275 279 
78 275 279 
73 275 279 
71 275 279 
69 275 279 
65 275 279 
62 64 275 279 
50 65 275 279 
33 275 279 
26 275 279 
18 275 279 
15 275 279 
7 275 279 
186 274 279 
178 274 279 
169 274 279 
167 274 279 
165 274 279 
160 274 279 
157 158 274 279 
154 155 274 279 
151 152 274 279 
148 274 279 
128 274 279 
127 128 274 279 
124 274 279 
122 274 279 
120 274 279 
115 274 279 
114 274 279 
83 84 274 279 
80 274 279 
79 274 279 
78 274 279 
73 274 279 
71 274 279 
69 274 279 
65 274 279 
62 64 274 279 
52 62 64 274 279 
50 65 274 279 
40 50 65 274 279 
33 274 279 
26 274 279 
18 274 279 
12 274 279 
11 274 279 
10 274 279 
8 274 279 
186 273 279 
167 273 279 
165 273 279 
163 273 279 
162 273 279 
160 273 279 
158 273 279 
155 273 279 
152 273 279 
120 273 279 
119 273 279 
118 273 279 
117 273 279 
116 273 279 
115 273 279 
114 273 279 
113 273 279 
112 273 279 
86 273 279 
85 273 279 
84 273 279 
80 273 279 
79 273 279 
78 273 279 
73 273 279 
72 73 273 279 
71 273 279 
70 71 273 279 
69 273 279 
68 69 273 279 
65 273 279 
64 273 279 
3 63 64 273 279 
52 64 273 279 
3 51 65 273 279 
40 65 273 279 
39 273 279 
38 273 279 
37 273 279 
36 273 279 
35 273 279 
34 273 279 
32 273 279 
31 273 279 
30 273 279 
29 273 279 
28 273 279 
27 273 279 
25 273 279 
24 273 279 
23 273 279 
22 273 279 
21 273 279 
20 273 279 
19 273 279 
15 273 279 
12 273 279 
11 273 279 
10 273 279 
8 273 279 
7 273 279 
3 273 279 
2 3 273 279 
1 273 279 
186 272 279 
167 272 279 
165 272 279 
163 272 279 
162 272 279 
160 272 279 
158 272 279 
155 272 279 
152 272 279 
120 272 279 
119 272 279 
118 272 279 
117 272 279 
116 272 279 
115 272 279 
114 272 279 
113 272 279 
112 272 279 
86 272 279 
85 272 279 
84 272 279 
80 272 279 
79 272 279 
78 272 279 
73 272 279 
72 73 272 279 
71 272 279 
70 71 272 279 
69 272 279 
68 69 272 279 
65 272 279 
64 272 279 
3 63 64 272 279 
52 64 272 279 
3 51 65 272 279 
40 65 272 279 
39 272 279 
38 272 279 
37 272 279 
36 272 279 
35 272 279 
34 272 279 
32 272 279 
31 272 279 
30 272 279 
29 272 279 
28 272 279 
27 272 279 
25 272 279 
24 272 279 
23 272 279 
22 272 279 
21 272 279 
20 272 279 
19 272 279 
15 272 279 
12 272 279 
11 272 279 
10 272 279 
8 272 279 
7 272 279 
3 272 279 
2 3 272 279 
1 272 279 
167 271 279 
165 271 279 
160 271 279 
158 271 279 
155 271 279 
152 271 279 
119 271 279 
118 271 279 
116 271 279 
113 271 279 
112 271 279 
86 271 279 
85 271 279 
84 271 279 
80 271 279 
79 271 279 
78 271 279 
73 271 279 
72 73 271 279 
71 271 279 
70 71 271 279 
69 271 279 
68 69 271 279 
65 271 279 
64 271 279 
3 63 64 271 279 
3 51 65 271 279 
39 271 279 
38 271 279 
37 271 279 
36 271 279 
35 271 279 
34 271 279 
32 271 279 
31 271 279 
30 271 279 
29 271 279 
28 271 279 
27 271 279 
25 271 279 
24 271 279 
23 271 279 
22 271 279 
21 271 279 
20 271 279 
19 271 279 
15 271 279 
7 271 279 
3 271 279 
2 3 271 279 
167 270 279 
165 270 279 
160 270 279 
158 270 279 
155 270 279 
152 270 279 
119 270 279 
118 270 279 
116 270 279 
113 270 279 
112 270 279 
86 270 279 
85 270 279 
84 270 279 
80 270 279 
79 270 279 
78 270 279 
73 270 279 
72 73 270 279 
71 270 279 
70 71 270 279 
69 270 279 
68 69 270 279 
65 270 279 
64 270 279 
3 63 64 270 279 
3 51 65 270 279 
39 270 279 
38 270 279 
37 270 279 
36 270 279 
35 270 279 
34 270 279 
32 270 279 
31 270 279 
30 270 279 
29 270 279 
28 270 279 
27 270 279 
25 270 279 
24 270 279 
23 270 279 
22 270 279 
21 270 279 
20 270 279 
19 270 279 
15 270 279 
7 270 279 
3 270 279 
2 3 270 279 
186 269 279 
167 269 279 
165 269 279 
163 269 279 
162 269 279 
160 269 279 
158 269 279 
155 269 279 
152 269 279 
120 269 279 
119 269 279 
118 269 279 
117 269 279 
116 269 279 
115 269 279 
114 269 279 
113 269 279 
112 269 279 
86 269 279 
85 269 279 
84 269 279 
80 269 279 
79 269 279 
78 269 279 
73 269 279 
72 73 269 279 
71 269 279 
70 71 269 279 
69 269 279 
68 69 269 279 
65 269 279 
64 269 279 
3 63 64 269 279 
52 64 269 279 
3 51 65 269 279 
40 65 269 279 
39 269 279 
38 269 279 
37 269 279 
36 269 279 
35 269 279 
34 269 279 
32 269 279 
31 269 279 
30 269 279 
29 269 279 
28 269 279 
27 269 279 
25 269 279 
24 269 279 
23 269 279 
22 269 279 
21 269 279 
20 269 279 
19 269 279 
15 269 279 
12 269 279 
11 269 279 
10 269 279 
8 269 279 
7 269 279 
3 269 279 
2 3 269 279 
1 269 279 
186 268 279 
167 268 279 
165 268 279 
163 268 279 
162 268 279 
160 268 279 
158 268 279 
155 268 279 
152 268 279 
120 268 279 
119 268 279 
118 268 279 
117 268 279 
116 268 279 
115 268 279 
114 268 279 
113 268 279 
112 268 279 
86 268 279 
85 268 279 
84 268 279 
80 268 279 
79 268 279 
78 268 279 
73 268 279 
72 73 268 279 
71 268 279 
70 71 268 279 
69 268 279 
68 69 268 279 
65 268 279 
64 268 279 
3 63 64 268 279 
52 64 268 279 
3 51 65 268 279 
40 65 268 279 
39 268 279 
38 268 279 
37 268 279 
36 268 279 
35 268 279 
34 268 279 
32 268 279 
31 268 279 
30 268 279 
29 268 279 
28 268 279 
27 268 279 
25 268 279 
24 268 279 
23 268 279 
22 268 279 
21 268 279 
20 268 279 
19 268 279 
15 268 279 
12 268 279 
11 268 279 
10 268 279 
8 268 279 
7 268 279 
3 268 279 
2 3 268 279 
1 268 279 
167 267 279 
165 267 279 
160 267 279 
158 267 279 
155 267 279 
152 267 279 
94 95 119 267 279 
94 95 118 267 279 
95 116 267 279 
93 95 113 267 279 
93 95 112 113 267 279 
95 267 279 
94 95 267 279 
86 95 267 279 
85 95 267 279 
84 267 279 
80 267 279 
79 267 279 
78 267 279 
73 267 279 
71 267 279 
69 267 279 
65 267 279 
64 267 279 
17 267 279 
15 95 267 279 
7 95 267 279 
186 266 279 
167 266 279 
165 266 279 
160 266 279 
158 266 279 
155 266 279 
152 266 279 
95 120 266 279 
95 115 266 279 
95 114 266 279 
95 266 279 
84 266 279 
80 266 279 
79 266 279 
78 266 279 
73 266 279 
71 266 279 
69 266 279 
65 266 279 
64 266 279 
17 266 279 
12 266 279 
11 266 279 
10 266 279 
8 95 266 279 
167 265 279 
165 265 279 
160 265 279 
158 265 279 
155 265 279 
152 265 279 
147 265 279 
144 265 279 
136 265 279 
131 265 279 
92 119 265 279 
92 118 265 279 
92 116 265 279 
92 112 265 279 
92 265 279 
91 92 265 279 
90 92 265 279 
86 92 265 279 
85 92 265 279 
82 84 265 279 
80 265 279 
79 265 279 
78 265 279 
73 265 279 
71 265 279 
69 265 279 
65 265 279 
61 64 265 279 
49 65 265 279 
15 92 265 279 
7 92 265 279 
167 264 279 
165 264 279 
163 264 279 
162 264 279 
160 264 279 
158 264 279 
155 264 279 
152 264 279 
147 264 279 
144 264 279 
136 264 279 
131 264 279 
92 264 279 
82 84 264 279 
80 264 279 
79 264 279 
78 264 279 
73 264 279 
71 264 279 
69 264 279 
65 264 279 
64 264 279 
52 64 264 279 
40 65 264 279 
8 92 264 279 
167 263 279 
165 263 279 
160 263 279 
158 263 279 
155 263 279 
152 263 279 
147 263 279 
144 263 279 
136 263 279 
131 263 279 
92 119 263 279 
92 118 263 279 
92 116 263 279 
92 112 263 279 
92 263 279 
91 92 263 279 
90 92 263 279 
86 92 263 279 
85 92 263 279 
82 84 263 279 
80 263 279 
79 263 279 
78 263 279 
73 263 279 
71 263 279 
69 263 279 
65 263 279 
61 64 263 279 
49 65 263 279 
15 92 263 279 
7 92 263 279 
167 262 279 
165 262 279 
163 262 279 
162 262 279 
160 262 279 
158 262 279 
155 262 279 
152 262 279 
147 262 279 
144 262 279 
136 262 279 
131 262 279 
92 115 262 279 
92 262 279 
82 84 262 279 
80 262 279 
79 262 279 
78 262 279 
73 262 279 
71 262 279 
69 262 279 
65 262 279 
64 262 279 
52 64 262 279 
40 65 262 279 
8 92 262 279 
167 261 279 
165 261 279 
163 261 279 
162 261 279 
160 261 279 
158 261 279 
155 261 279 
152 261 279 
147 261 279 
144 261 279 
136 261 279 
131 261 279 
92 115 261 279 
92 261 279 
82 84 261 279 
80 261 279 
79 261 279 
78 261 279 
73 261 279 
71 261 279 
69 261 279 
65 261 279 
64 261 279 
52 64 261 279 
40 65 261 279 
8 92 261 279 
167 260 279 
165 260 279 
163 260 279 
162 260 279 
160 260 279 
158 260 279 
155 260 279 
152 260 279 
147 260 279 
144 260 279 
136 260 279 
131 260 279 
92 260 279 
82 84 260 279 
80 260 279 
79 260 279 
78 260 279 
73 260 279 
71 260 279 
69 260 279 
65 260 279 
64 260 279 
52 64 260 279 
40 65 260 279 
8 92 260 279 
255 259 279 
177 259 279 
168 259 279 
166 167 259 279 
164 165 259 279 
159 160 259 279 
156 158 259 279 
153 155 259 279 
150 152 259 279 
146 259 279 
143 259 279 
135 259 279 
130 259 279 
126 259 279 
123 259 279 
121 259 279 
89 119 259 279 
89 118 259 279 
89 116 259 279 
89 112 259 279 
89 259 279 
86 89 259 279 
85 89 259 279 
81 84 259 279 
80 259 279 
79 259 279 
78 259 279 
75 259 279 
73 259 279 
71 259 279 
69 259 279 
67 259 279 
65 67 259 279 
59 64 67 259 279 
47 65 67 259 279 
15 89 259 279 
7 89 259 279 
255 258 279 
177 258 279 
168 258 279 
166 167 258 279 
164 165 258 279 
163 258 279 
162 258 279 
159 160 258 279 
156 158 258 279 
153 155 258 279 
150 152 258 279 
146 258 279 
143 258 279 
135 258 279 
130 258 279 
126 258 279 
123 258 279 
121 258 279 
89 258 279 
81 84 258 279 
80 258 279 
79 258 279 
78 258 279 
75 258 279 
73 258 279 
71 258 279 
69 258 279 
67 258 279 
65 67 258 279 
52 60 64 67 258 279 
40 48 65 67 258 279 
8 89 258 279 
255 257 279 
177 257 279 
168 257 279 
166 167 257 279 
164 165 257 279 
159 160 257 279 
156 158 257 279 
153 155 257 279 
150 152 257 279 
146 257 279 
143 257 279 
135 257 279 
130 257 279 
126 257 279 
123 257 279 
121 257 279 
89 119 257 279 
89 118 257 279 
89 116 257 279 
89 112 257 279 
89 257 279 
86 89 257 279 
85 89 257 279 
81 84 257 279 
80 257 279 
79 257 279 
78 257 279 
75 257 279 
73 257 279 
71 257 279 
69 257 279 
67 257 279 
65 67 257 279 
59 64 67 257 279 
47 65 67 257 279 
15 89 257 279 
7 89 257 279 
255 256 279 
177 256 279 
168 256 279 
166 167 256 279 
164 165 256 279 
159 160 256 279 
156 158 256 279 
153 155 256 279 
150 152 256 279 
146 256 279 
143 256 279 
135 256 279 
130 256 279 
126 256 279 
123 256 279 
121 256 279 
89 119 256 279 
89 118 256 279 
89 116 256 279 
89 112 256 279 
89 256 279 
86 89 256 279 
85 89 256 279 
81 84 256 279 
80 256 279 
79 256 279 
78 256 279 
75 256 279 
73 256 279 
71 256 279 
69 256 279 
67 256 279 
65 67 256 279 
59 64 67 256 279 
47 65 67 256 279 
15 89 256 279 
7 89 256 279 
1 255 279 
167 235 254 279 
165 235 254 279 
161 235 254 279 
160 235 254 279 
158 235 254 279 
155 235 254 279 
152 235 254 279 
145 235 254 279 
129 235 254 279 
125 235 254 279 
87 88 119 235 254 279 
88 118 235 254 279 
88 116 235 254 279 
88 112 235 254 279 
88 235 254 279 
87 88 235 254 279 
86 88 235 254 279 
85 88 235 254 279 
84 235 254 279 
80 235 254 279 
79 235 254 279 
78 235 254 279 
74 235 254 279 
73 235 254 279 
71 235 254 279 
69 235 254 279 
66 235 254 279 
65 66 235 254 279 
53 58 64 66 235 254 279 
41 46 65 66 235 254 279 
15 88 235 254 279 
7 88 235 254 279 
237 253 279 
186 253 279 
167 253 279 
165 253 279 
161 163 253 279 
161 162 253 279 
161 253 279 
160 253 279 
158 253 279 
155 253 279 
152 253 279 
145 253 279 
129 253 279 
125 253 279 
88 120 253 279 
88 115 253 279 
88 114 253 279 
88 253 279 
84 253 279 
80 253 279 
79 253 279 
78 253 279 
74 253 279 
73 253 279 
71 253 279 
69 253 279 
66 253 279 
65 66 253 279 
58 64 66 253 279 
46 65 66 253 279 
12 253 279 
11 253 279 
10 253 279 
8 88 253 279 
237 252 279 
186 252 279 
167 252 279 
165 252 279 
161 163 252 279 
161 162 252 279 
161 252 279 
160 252 279 
158 252 279 
155 252 279 
152 252 279 
145 252 279 
129 252 279 
125 252 279 
88 120 252 279 
88 115 252 279 
88 114 252 279 
88 252 279 
84 252 279 
80 252 279 
79 252 279 
78 252 279 
74 252 279 
73 252 279 
71 252 279 
69 252 279 
66 252 279 
65 66 252 279 
58 64 66 252 279 
46 65 66 252 279 
12 252 279 
11 252 279 
10 252 279 
8 88 252 279 
237 251 279 
186 251 279 
167 251 279 
165 251 279 
161 163 251 279 
161 162 251 279 
161 251 279 
160 251 279 
158 251 279 
155 251 279 
152 251 279 
145 251 279 
129 251 279 
125 251 279 
88 120 251 279 
88 115 251 279 
88 114 251 279 
88 251 279 
84 251 279 
80 251 279 
79 251 279 
78 251 279 
74 251 279 
73 251 279 
71 251 279 
69 251 279 
66 251 279 
65 66 251 279 
58 64 66 251 279 
46 65 66 251 279 
12 251 279 
11 251 279 
10 251 279 
8 88 251 279 
167 235 250 279 
165 235 250 279 
161 235 250 279 
160 235 250 279 
158 235 250 279 
155 235 250 279 
152 235 250 279 
145 235 250 279 
129 235 250 279 
125 235 250 279 
87 88 119 235 250 279 
88 118 235 250 279 
88 116 235 250 279 
88 112 235 250 279 
88 235 250 279 
87 88 235 250 279 
86 88 235 250 279 
85 88 235 250 279 
84 235 250 279 
80 235 250 279 
79 235 250 279 
78 235 250 279 
74 235 250 279 
73 235 250 279 
71 235 250 279 
69 235 250 279 
66 235 250 279 
65 66 235 250 279 
53 58 64 66 235 250 279 
41 46 65 66 235 250 279 
15 88 235 250 279 
7 88 235 250 279 
237 249 279 
186 249 279 
167 249 279 
165 249 279 
161 249 279 
160 249 279 
158 249 279 
155 249 279 
152 249 279 
145 249 279 
129 249 279 
125 249 279 
88 120 249 279 
88 115 249 279 
88 114 249 279 
88 249 279 
84 249 279 
80 249 279 
79 249 279 
78 249 279 
74 249 279 
73 249 279 
71 249 279 
69 249 279 
66 249 279 
65 66 249 279 
12 249 279 
11 249 279 
10 249 279 
8 88 249 279 
237 248 279 
186 248 279 
167 248 279 
165 248 279 
161 248 279 
160 248 279 
158 248 279 
155 248 279 
152 248 279 
145 248 279 
129 248 279 
125 248 279 
88 120 248 279 
88 115 248 279 
88 114 248 279 
88 248 279 
84 248 279 
80 248 279 
79 248 279 
78 248 279 
74 248 279 
73 248 279 
71 248 279 
69 248 279 
66 248 279 
65 66 248 279 
12 248 279 
11 248 279 
10 248 279 
8 88 248 279 
237 247 279 
186 247 279 
167 247 279 
165 247 279 
161 247 279 
160 247 279 
158 247 279 
155 247 279 
152 247 279 
145 247 279 
129 247 279 
125 247 279 
88 120 247 279 
88 115 247 279 
88 114 247 279 
88 247 279 
84 247 279 
80 247 279 
79 247 279 
78 247 279 
74 247 279 
73 247 279 
71 247 279 
69 247 279 
66 247 279 
65 66 247 279 
12 247 279 
11 247 279 
10 247 279 
8 88 247 279 
237 246 279 
186 246 279 
167 246 279 
165 246 279 
161 246 279 
160 246 279 
158 246 279 
155 246 279 
152 246 279 
145 246 279 
129 246 279 
125 246 279 
88 120 246 279 
88 115 246 279 
88 114 246 279 
88 246 279 
84 246 279 
80 246 279 
79 246 279 
78 246 279 
74 246 279 
73 246 279 
71 246 279 
69 246 279 
66 246 279 
65 66 246 279 
12 246 279 
11 246 279 
10 246 279 
8 88 246 279 
234 245 279 
167 245 279 
165 245 279 
161 163 245 279 
161 162 245 279 
161 245 279 
160 245 279 
158 245 279 
155 245 279 
152 245 279 
145 245 279 
129 245 279 
125 245 279 
88 245 279 
84 245 279 
80 245 279 
79 245 279 
78 245 279 
74 245 279 
73 245 279 
71 245 279 
69 245 279 
66 245 279 
65 66 245 279 
58 64 66 245 279 
52 58 64 66 245 279 
46 65 66 245 279 
40 46 65 66 245 279 
8 88 245 279 
234 244 279 
167 244 279 
165 244 279 
161 163 244 279 
161 162 244 279 
161 244 279 
160 244 279 
158 244 279 
155 244 279 
152 244 279 
145 244 279 
129 244 279 
125 244 279 
88 244 279 
84 244 279 
80 244 279 
79 244 279 
78 244 279 
74 244 279 
73 244 279 
71 244 279 
69 244 279 
66 244 279 
65 66 244 279 
58 64 66 244 279 
52 58 64 66 244 279 
46 65 66 244 279 
40 46 65 66 244 279 
8 88 244 279 
234 243 279 
167 243 279 
165 243 279 
161 163 243 279 
161 162 243 279 
161 243 279 
160 243 279 
158 243 279 
155 243 279 
152 243 279 
145 243 279 
129 243 279 
125 243 279 
88 243 279 
84 243 279 
80 243 279 
79 243 279 
78 243 279 
74 243 279 
73 243 279 
71 243 279 
69 243 279 
66 243 279 
65 66 243 279 
58 64 66 243 279 
52 58 64 66 243 279 
46 65 66 243 279 
40 46 65 66 243 279 
8 88 243 279 
234 242 279 
167 242 279 
165 242 279 
161 163 242 279 
161 162 242 279 
161 242 279 
160 242 279 
158 242 279 
155 242 279 
152 242 279 
145 242 279 
129 242 279 
125 242 279 
88 242 279 
84 242 279 
80 242 279 
79 242 279 
78 242 279 
74 242 279 
73 242 279 
71 242 279 
69 242 279 
66 242 279 
65 66 242 279 
58 64 66 242 279 
52 58 64 66 242 279 
46 65 66 242 279 
40 46 65 66 242 279 
8 88 242 279 
237 241 279 
186 241 279 
167 241 279 
165 241 279 
161 241 279 
160 241 279 
158 241 279 
155 241 279 
152 241 279 
145 241 279 
129 241 279 
125 241 279 
88 120 241 279 
88 115 241 279 
88 114 241 279 
88 241 279 
84 241 279 
80 241 279 
79 241 279 
78 241 279 
74 241 279 
73 241 279 
71 241 279 
69 241 279 
66 241 279 
65 66 241 279 
58 64 66 241 279 
52 58 64 66 241 279 
46 65 66 241 279 
40 46 65 66 241 279 
12 189 241 279 
11 188 241 279 
10 187 241 279 
8 88 241 279 
237 240 279 
186 240 279 
167 240 279 
165 240 279 
161 240 279 
160 240 279 
158 240 279 
155 240 279 
152 240 279 
145 240 279 
129 240 279 
125 240 279 
88 120 240 279 
88 115 240 279 
88 114 240 279 
88 240 279 
84 240 279 
80 240 279 
79 240 279 
78 240 279 
74 240 279 
73 240 279 
71 240 279 
69 240 279 
66 240 279 
65 66 240 279 
58 64 66 240 279 
46 65 66 240 279 
12 240 279 
11 240 279 
10 240 279 
8 88 240 279 
237 239 279 
186 239 279 
167 239 279 
165 239 279 
161 239 279 
160 239 279 
158 239 279 
155 239 279 
152 239 279 
145 239 279 
129 239 279 
125 239 279 
88 120 239 279 
88 115 239 279 
88 114 239 279 
88 239 279 
84 239 279 
80 239 279 
79 239 279 
78 239 279 
74 239 279 
73 239 279 
71 239 279 
69 239 279 
66 239 279 
65 66 239 279 
58 64 66 239 279 
46 65 66 239 279 
12 239 279 
11 239 279 
10 239 279 
8 88 239 279 
167 235 238 279 
165 235 238 279 
161 235 238 279 
160 235 238 279 
158 235 238 279 
155 235 238 279 
152 235 238 279 
145 235 238 279 
129 235 238 279 
125 235 238 279 
87 88 119 235 238 279 
88 118 235 238 279 
88 116 235 238 279 
88 112 235 238 279 
88 235 238 279 
87 88 235 238 279 
86 88 235 238 279 
85 88 235 238 279 
84 235 238 279 
80 235 238 279 
79 235 238 279 
78 235 238 279 
74 235 238 279 
73 235 238 279 
71 235 238 279 
69 235 238 279 
66 235 238 279 
65 66 235 238 279 
53 58 64 66 235 238 279 
41 46 65 66 235 238 279 
15 88 235 238 279 
7 88 235 238 279 
236 237 279 
234 237 279 
233 237 241 279 
232 237 241 279 
231 237 241 279 
230 237 241 279 
229 237 241 279 
228 237 241 279 
227 237 241 279 
226 237 241 279 
225 237 241 279 
224 237 241 279 
223 237 241 279 
222 237 241 279 
221 237 241 279 
220 237 241 279 
219 237 241 279 
73 218 237 241 279 
73 217 237 241 279 
73 216 237 241 279 
215 237 241 279 
214 237 241 279 
213 237 241 279 
212 237 241 279 
211 237 241 279 
210 237 241 279 
209 237 241 279 
208 237 241 279 
207 237 241 279 
206 237 241 279 
205 237 241 279 
204 237 241 279 
203 237 241 279 
202 237 241 279 
201 237 241 279 
200 237 241 279 
199 237 241 279 
198 237 241 279 
197 237 241 279 
196 237 241 279 
195 237 241 279 
194 237 241 279 
193 237 241 279 
192 237 241 279 
191 237 241 279 
190 237 241 279 
189 237 241 279 
188 237 241 279 
187 237 241 279 
167 237 279 
165 237 279 
161 163 237 279 
161 162 237 279 
161 237 279 
160 237 279 
158 237 279 
155 237 279 
152 237 279 
145 237 279 
142 237 241 279 
141 237 240 279 
140 237 239 279 
134 237 241 279 
133 237 240 279 
132 237 239 279 
129 237 279 
125 237 279 
88 237 279 
84 237 279 
80 237 279 
79 237 279 
78 237 279 
74 237 279 
73 237 279 
71 237 279 
69 237 279 
66 237 279 
65 66 237 279 
58 64 66 237 279 
57 58 64 66 237 249 279 
56 58 64 66 237 248 279 
55 58 64 66 237 247 279 
54 58 64 66 237 246 279 
52 58 64 66 237 279 
46 65 66 237 279 
45 46 65 66 237 249 279 
44 46 65 66 237 248 279 
43 46 65 66 237 247 279 
42 46 65 66 237 246 279 
40 46 65 66 237 279 
8 88 237 279 
6 237 279 
5 237 279 
4 237 279 
186 236 279 
167 236 279 
165 236 279 
161 236 279 
160 236 279 
158 236 279 
155 236 279 
152 236 279 
145 236 279 
129 236 279 
125 236 279 
88 120 236 279 
88 115 236 279 
88 114 236 279 
88 236 279 
84 236 279 
80 236 279 
79 236 279 
78 236 279 
74 236 279 
73 236 279 
71 236 279 
69 236 279 
66 236 279 
65 66 236 279 
58 64 66 236 279 
52 58 64 66 236 279 
46 65 66 236 279 
40 46 65 66 236 279 
12 236 279 
11 236 279 
10 236 279 
8 88 236 279 
167 235 279 
165 235 279 
161 235 279 
160 235 279 
158 235 279 
155 235 279 
152 235 279 
145 235 279 
129 235 279 
125 235 279 
87 88 119 235 279 
88 118 235 279 
88 116 235 279 
88 113 235 279 
88 112 235 279 
88 235 279 
86 88 235 279 
85 88 235 279 
84 235 279 
80 235 279 
79 235 279 
78 235 279 
74 235 279 
73 235 279 
72 73 235 279 
71 235 279 
70 71 235 279 
69 235 279 
68 69 235 279 
66 235 279 
65 66 235 279 
3 53 58 63 64 66 235 279 
3 41 46 51 65 66 235 279 
39 235 279 
38 235 279 
37 235 279 
36 235 279 
35 235 279 
34 235 279 
32 235 279 
31 235 279 
30 235 279 
29 235 279 
28 235 279 
27 235 279 
25 235 279 
24 235 279 
23 235 279 
22 235 279 
21 235 279 
20 235 279 
19 235 279 
15 88 235 279 
7 88 235 279 
3 66 235 279 
2 3 66 235 279 
186 234 279 
167 234 279 
165 234 279 
161 234 279 
160 234 279 
158 234 279 
155 234 279 
152 234 279 
145 234 279 
129 234 279 
125 234 279 
88 120 234 279 
88 115 234 279 
88 114 234 279 
88 234 279 
84 234 279 
80 234 279 
79 234 279 
78 234 279 
74 234 279 
73 234 279 
71 234 279 
69 234 279 
66 234 279 
65 66 234 279 
58 64 66 234 279 
46 65 66 234 279 
14 234 279 
12 234 279 
11 234 279 
10 234 279 
9 234 279 
8 88 234 279 
6 186 279 
5 186 279 
4 186 279 
1 185 278 279 
1 184 277 279 
1 183 279 
16 181 182 279 
1 182 279 
1 180 279 
1 179 279 
1 178 279 
1 177 279 
1 176 278 279 
1 175 277 279 
1 174 279 
16 172 173 279 
1 173 279 
1 171 279 
1 170 279 
1 169 279 
1 168 279 
16 167 279 
14 167 279 
13 167 235 279 
9 167 279 
6 167 279 
5 167 279 
4 167 279 
1 167 279 
1 166 167 279 
16 165 279 
14 165 279 
13 165 235 279 
9 165 279 
6 165 279 
5 165 279 
4 165 279 
1 165 279 
1 164 165 279 
161 163 279 
16 163 279 
14 161 163 279 
9 161 163 279 
161 162 279 
16 162 279 
14 161 162 279 
9 161 162 279 
14 161 279 
13 161 235 279 
9 161 279 
6 161 279 
5 161 279 
4 161 279 
1 161 279 
16 160 279 
14 160 279 
13 160 235 279 
9 160 279 
6 160 279 
5 160 279 
4 160 279 
1 160 279 
1 159 160 279 
16 158 279 
14 158 279 
13 158 235 279 
9 158 279 
6 158 279 
5 158 279 
4 158 279 
1 158 279 
1 157 158 279 
1 156 158 279 
16 155 279 
14 155 279 
13 155 235 279 
9 155 279 
6 155 279 
5 155 279 
4 155 279 
1 155 279 
1 154 155 279 
1 153 155 279 
16 152 279 
14 152 279 
13 152 235 279 
9 152 279 
6 152 279 
5 152 279 
4 152 279 
1 152 279 
1 151 152 279 
1 150 152 279 
16 149 279 
1 149 279 
1 148 279 
1 147 279 
1 146 279 
14 145 279 
13 145 235 279 
9 145 279 
6 145 279 
5 145 279 
4 145 279 
1 145 279 
1 144 279 
1 143 279 
1 136 279 
1 135 279 
1 131 279 
1 130 279 
14 129 279 
13 129 235 279 
9 129 279 
6 129 279 
5 129 279 
4 129 279 
1 129 279 
1 128 279 
1 126 279 
14 125 279 
13 125 235 279 
9 125 279 
6 125 279 
5 125 279 
4 125 279 
1 125 279 
1 123 279 
1 121 279 
111 120 279 
110 120 279 
109 120 279 
108 120 279 
106 120 279 
105 120 279 
104 120 279 
103 120 279 
102 120 279 
101 120 279 
100 120 279 
95 120 279 
92 120 279 
89 120 279 
88 120 279 
6 88 120 279 
5 88 120 279 
4 88 120 279 
111 119 279 
110 119 279 
109 119 279 
108 119 279 
107 119 279 
106 119 279 
105 119 279 
104 119 279 
103 119 279 
102 119 279 
101 119 279 
100 119 279 
99 119 269 279 
97 119 268 279 
95 119 279 
94 95 119 279 
92 119 279 
89 119 279 
13 87 88 119 235 279 
111 118 279 
110 118 279 
109 118 279 
108 118 279 
106 118 279 
105 118 279 
104 118 279 
103 118 279 
102 118 279 
101 118 279 
100 118 279 
99 118 269 279 
97 118 268 279 
95 118 279 
94 95 118 279 
92 118 279 
89 118 279 
13 88 118 235 279 
111 117 279 
110 117 279 
109 117 279 
108 117 279 
106 117 279 
105 117 279 
104 117 279 
103 117 279 
102 117 279 
101 117 279 
100 117 279 
95 117 279 
92 117 279 
89 117 279 
88 117 279 
111 116 279 
110 116 279 
109 116 279 
108 116 279 
106 116 279 
105 116 279 
104 116 279 
103 116 279 
102 116 279 
101 116 279 
100 116 279 
95 116 279 
92 116 279 
89 116 279 
13 88 116 235 279 
111 115 279 
110 115 279 
109 115 279 
108 115 279 
106 115 279 
105 115 279 
104 115 279 
103 115 279 
102 115 279 
101 115 279 
100 115 279 
95 115 279 
92 115 279 
89 115 279 
88 115 279 
6 88 115 279 
5 88 115 279 
4 88 115 279 
111 114 279 
110 114 279 
109 114 279 
108 114 279 
106 114 279 
105 114 279 
104 114 279 
103 114 279 
102 114 279 
101 114 279 
100 114 279 
95 114 279 
92 114 279 
89 114 279 
88 114 279 
6 88 114 279 
5 88 114 279 
4 88 114 279 
112 113 279 
111 113 279 
110 113 279 
109 113 279 
108 113 279 
106 113 279 
105 113 279 
104 113 279 
103 113 279 
102 113 279 
101 113 279 
100 113 279 
92 113 279 
91 92 113 279 
89 113 279 
13 88 113 235 279 
111 112 279 
110 112 279 
109 112 279 
108 112 279 
106 112 279 
105 112 279 
104 112 279 
103 112 279 
102 112 279 
101 112 279 
100 112 279 
95 112 279 
93 95 112 113 279 
92 112 279 
89 112 279 
13 88 112 113 235 279 
86 111 279 
85 111 279 
15 111 279 
8 111 279 
7 111 279 
1 111 279 
86 110 279 
85 110 279 
15 110 279 
8 110 279 
7 110 279 
1 110 279 
86 109 279 
85 109 279 
15 109 279 
8 109 279 
7 109 279 
1 109 279 
86 108 279 
85 108 279 
15 108 279 
8 108 279 
7 108 279 
1 108 279 
86 106 279 
85 106 279 
15 106 279 
8 106 279 
7 106 279 
1 106 279 
86 105 279 
85 105 279 
16 105 279 
15 105 279 
8 105 279 
7 105 279 
1 105 279 
86 104 279 
85 104 279 
15 104 279 
8 104 279 
7 104 279 
1 104 279 
86 103 279 
85 103 279 
15 103 279 
8 103 279 
7 103 279 
1 103 279 
86 102 279 
85 102 279 
15 102 279 
8 102 279 
7 102 279 
1 102 279 
86 101 279 
85 101 279 
15 101 279 
8 101 279 
7 101 279 
1 101 279 
86 100 279 
85 100 279 
15 100 279 
8 100 279 
7 100 279 
1 100 279 
98 99 269 279 
96 97 268 279 
86 95 279 
85 95 279 
15 95 279 
8 95 279 
7 95 279 
1 95 279 
86 92 279 
85 92 279 
15 92 279 
8 92 279 
7 92 279 
1 92 279 
86 89 279 
85 89 279 
15 89 279 
8 89 279 
7 89 279 
1 89 279 
14 88 279 
13 88 235 279 
9 88 279 
8 88 279 
6 88 279 
5 88 279 
4 88 279 
1 88 279 
13 87 88 235 279 
13 86 88 235 279 
13 85 88 235 279 
16 84 279 
14 84 279 
13 84 235 279 
9 84 279 
6 84 279 
5 84 279 
4 84 279 
1 84 279 
1 83 84 279 
1 82 84 279 
1 81 84 279 
16 80 279 
14 80 279 
13 80 235 279 
9 80 279 
6 80 279 
5 80 279 
4 80 279 
1 80 279 
16 79 279 
14 79 279 
13 79 235 279 
9 79 279 
6 79 279 
5 79 279 
4 79 279 
1 79 279 
16 78 279 
14 78 279 
13 78 235 279 
9 78 279 
6 78 279 
5 78 279 
4 78 279 
1 78 279 
1 77 279 
16 76 279 
1 76 279 
1 75 279 
14 74 279 
13 74 235 279 
9 74 279 
6 74 279 
5 74 279 
4 74 279 
1 74 279 
16 73 279 
14 73 279 
13 73 235 279 
9 73 279 
6 73 279 
5 73 279 
4 73 279 
1 73 279 
16 71 279 
14 71 279 
13 71 235 279 
9 71 279 
6 71 279 
5 71 279 
4 71 279 
1 71 279 
16 69 279 
14 69 279 
13 69 235 279 
9 69 279 
6 69 279 
5 69 279 
4 69 279 
1 69 279 
65 67 279 
64 67 279 
3 59 63 64 67 279 
52 64 67 279 
3 47 51 65 67 279 
40 65 67 279 
3 67 279 
2 3 67 279 
1 67 279 
65 66 279 
52 58 64 66 279 
40 46 65 66 279 
14 66 279 
13 66 235 279 
9 66 279 
6 66 279 
5 66 279 
4 66 279 
1 66 279 
16 65 279 
14 65 66 279 
13 65 66 235 279 
9 65 66 279 
6 65 66 279 
5 65 66 279 
4 65 66 279 
3 65 279 
1 65 279 
16 64 279 
14 58 64 66 279 
13 53 58 64 66 235 279 
9 58 64 66 279 
6 58 64 66 279 
5 58 64 66 279 
4 58 64 66 279 
1 64 279 
3 61 63 64 279 
52 62 64 279 
1 62 64 279 
1 58 64 66 279 
16 52 64 279 
14 52 58 64 66 279 
9 52 58 64 66 279 
3 49 51 65 279 
40 50 65 279 
1 50 65 279 
14 46 65 66 279 
13 41 46 65 66 235 279 
9 46 65 66 279 
6 46 65 66 279 
5 46 65 66 279 
4 46 65 66 279 
1 46 65 66 279 
16 40 65 279 
14 40 46 65 66 279 
9 40 46 65 66 279 
33 39 279 
33 38 279 
33 37 279 
33 36 279 
33 35 279 
33 34 279 
1 33 279 
26 32 279 
26 31 279 
26 30 279 
26 29 279 
26 28 279 
26 27 279 
1 26 279 
17 25 279 
18 24 279 
17 24 279 
18 23 279 
17 23 279 
18 22 279 
17 22 279 
18 21 279 
17 21 279 
18 20 279 
17 20 279 
18 19 279 
17 19 279 
1 18 279 
1 17 279 
8 16 105 279 
13 15 88 235 279 
8 14 88 279 
5 14 279 
7 13 88 235 279 
6 12 279 
5 12 279 
4 12 279 
6 11 279 
5 11 279 
4 11 279 
6 10 279 
5 10 279 
4 10 279 
8 9 88 279 
4 9 279 
6 8 88 279 
5 8 88 279 
4 8 88 279 
4 8 9 88 279 
4 8 88 237 279 
5 8 14 88 279 
5 8 88 237 279 
6 8 88 237 279 
4 9 46 65 66 279 
4 9 58 64 66 279 
4 9 65 66 279 
4 9 66 279 
4 9 69 279 
4 9 71 279 
4 9 73 279 
4 9 74 279 
4 9 78 279 
4 9 79 279 
4 9 80 279 
4 9 84 279 
4 9 88 279 
4 9 125 279 
4 9 129 279 
4 9 145 279 
4 9 152 279 
4 9 155 279 
4 9 158 279 
4 9 160 279 
4 9 161 279 
4 9 165 279 
4 9 167 279 
8 9 88 234 279 
5 14 46 65 66 279 
5 14 58 64 66 279 
5 14 65 66 279 
5 14 66 279 
5 14 69 279 
5 14 71 279 
5 14 73 279 
5 14 74 279 
5 14 78 279 
5 14 79 279 
5 14 80 279 
5 14 84 279 
5 14 88 279 
5 14 125 279 
5 14 129 279 
5 14 145 279 
5 14 152 279 
5 14 155 279 
5 14 158 279 
5 14 160 279 
5 14 161 279 
5 14 165 279 
5 14 167 279 
8 14 88 234 279 
4 46 65 66 237 279 
5 46 65 66 237 279 
6 46 65 66 237 279 
9 46 65 66 234 279 
14 46 65 66 234 279 
1 64 67 279 
1 64 268 279 
1 64 269 279 
1 64 272 279 
1 64 273 279 
1 64 277 279 
1 64 278 279 
4 58 64 66 237 279 
5 58 64 66 237 279 
6 58 64 66 237 279 
9 58 64 66 234 279 
14 58 64 66 234 279 
1 65 66 279 
1 65 67 279 
1 65 268 279 
1 65 269 279 
1 65 272 279 
1 65 273 279 
1 65 277 279 
1 65 278 279 
3 65 66 235 279 
3 65 67 279 
3 65 268 279 
3 65 269 279 
3 65 270 279 
3 65 271 279 
3 65 272 279 
3 65 273 279 
3 65 277 279 
3 65 278 279 
4 65 66 237 279 
5 65 66 237 279 
6 65 66 237 279 
9 65 66 234 279 
14 65 66 234 279 
4 66 237 279 
5 66 237 279 
6 66 237 279 
9 66 234 279 
14 66 234 279 
40 46 65 66 236 237 279 
40 46 65 66 237 241 279 
52 58 64 66 236 237 279 
52 58 64 66 237 241 279 
65 66 234 237 279 
65 66 236 237 279 
65 66 237 239 279 
65 66 237 240 279 
65 66 237 241 279 
65 66 234 242 279 
65 66 234 243 279 
65 66 234 244 279 
65 66 234 245 279 
65 66 237 246 279 
65 66 237 247 279 
65 66 237 248 279 
65 66 237 249 279 
65 66 237 251 279 
65 66 237 252 279 
65 66 237 253 279 
1 69 268 279 
1 69 269 279 
1 69 272 279 
1 69 273 279 
1 69 277 279 
1 69 278 279 
4 69 237 279 
5 69 237 279 
6 69 237 279 
9 69 234 279 
14 69 234 279 
1 71 268 279 
1 71 269 279 
1 71 272 279 
1 71 273 279 
1 71 277 279 
1 71 278 279 
4 71 237 279 
5 71 237 279 
6 71 237 279 
9 71 234 279 
14 71 234 279 
1 73 268 279 
1 73 269 279 
1 73 272 279 
1 73 273 279 
1 73 277 279 
1 73 278 279 
4 73 237 279 
5 73 237 279 
6 73 237 279 
9 73 234 279 
14 73 234 279 
4 74 237 279 
5 74 237 279 
6 74 237 279 
9 74 234 279 
14 74 234 279 
1 78 268 279 
1 78 269 279 
1 78 272 279 
1 78 273 279 
1 78 277 279 
1 78 278 279 
4 78 237 279 
5 78 237 279 
6 78 237 279 
9 78 234 279 
14 78 234 279 
1 79 268 279 
1 79 269 279 
1 79 272 279 
1 79 273 279 
1 79 277 279 
1 79 278 279 
4 79 237 279 
5 79 237 279 
6 79 237 279 
9 79 234 279 
14 79 234 279 
1 80 268 279 
1 80 269 279 
1 80 272 279 
1 80 273 279 
1 80 277 279 
1 80 278 279 
4 80 237 279 
5 80 237 279 
6 80 237 279 
9 80 234 279 
14 80 234 279 
1 84 268 279 
1 84 269 279 
1 84 272 279 
1 84 273 279 
1 84 277 279 
1 84 278 279 
4 84 237 279 
5 84 237 279 
6 84 237 279 
9 84 234 279 
14 84 234 279 
4 88 237 279 
5 88 237 279 
6 88 237 279 
8 88 234 237 279 
8 88 236 237 279 
8 88 237 239 279 
8 88 237 240 279 
8 88 237 241 279 
8 88 234 242 279 
8 88 234 243 279 
8 88 234 244 279 
8 88 234 245 279 
8 88 237 246 279 
8 88 237 247 279 
8 88 237 248 279 
8 88 237 249 279 
8 88 237 251 279 
8 88 237 252 279 
8 88 237 253 279 
9 88 234 279 
14 88 234 279 
89 112 113 279 
92 112 113 279 
100 112 113 279 
101 112 113 279 
102 112 113 279 
103 112 113 279 
104 112 113 279 
105 112 113 279 
106 112 113 279 
108 112 113 279 
109 112 113 279 
110 112 113 279 
111 112 113 279 
88 112 113 235 279 
112 113 268 279 
112 113 269 279 
112 113 270 279 
112 113 271 279 
112 113 272 279 
112 113 273 279 
112 113 277 279 
112 113 278 279 
4 125 237 279 
5 125 237 279 
6 125 237 279 
9 125 234 279 
14 125 234 279 
4 129 237 279 
5 129 237 279 
6 129 237 279 
9 129 234 279 
14 129 234 279 
4 145 237 279 
5 145 237 279 
6 145 237 279 
9 145 234 279 
14 145 234 279 
1 152 268 279 
1 152 269 279 
1 152 272 279 
1 152 273 279 
1 152 277 279 
1 152 278 279 
4 152 237 279 
5 152 237 279 
6 152 237 279 
9 152 234 279 
14 152 234 279 
1 155 268 279 
1 155 269 279 
1 155 272 279 
1 155 273 279 
1 155 277 279 
1 155 278 279 
4 155 237 279 
5 155 237 279 
6 155 237 279 
9 155 234 279 
14 155 234 279 
1 158 268 279 
1 158 269 279 
1 158 272 279 
1 158 273 279 
1 158 277 279 
1 158 278 279 
4 158 237 279 
5 158 237 279 
6 158 237 279 
9 158 234 279 
14 158 234 279 
1 160 268 279 
1 160 269 279 
1 160 272 279 
1 160 273 279 
1 160 277 279 
1 160 278 279 
4 160 237 279 
5 160 237 279 
6 160 237 279 
9 160 234 279 
14 160 234 279 
4 161 237 279 
5 161 237 279 
6 161 237 279 
9 161 234 279 
14 161 234 279 
161 162 237 251 279 
161 162 237 252 279 
161 162 237 253 279 
161 163 237 251 279 
161 163 237 252 279 
161 163 237 253 279 
1 165 268 279 
1 165 269 279 
1 165 272 279 
1 165 273 279 
1 165 277 279 
1 165 278 279 
4 165 237 279 
5 165 237 279 
6 165 237 279 
9 165 234 279 
14 165 234 279 
1 167 268 279 
1 167 269 279 
1 167 272 279 
1 167 273 279 
1 167 277 279 
1 167 278 279 
4 167 237 279 
5 167 237 279 
6 167 237 279 
9 167 234 279 
14 167 234 279 
46 65 66 234 237 279 
46 65 66 234 242 279 
46 65 66 234 243 279 
46 65 66 234 244 279 
46 65 66 234 245 279 
58 64 66 234 237 279 
58 64 66 234 242 279 
58 64 66 234 243 279 
58 64 66 234 244 279 
58 64 66 234 245 279 
66 234 237 279 
66 234 242 279 
66 234 243 279 
66 234 244 279 
66 234 245 279 
69 234 237 279 
69 234 242 279 
69 234 243 279 
69 234 244 279 
69 234 245 279 
71 234 237 279 
71 234 242 279 
71 234 243 279 
71 234 244 279 
71 234 245 279 
73 234 237 279 
73 234 242 279 
73 234 243 279 
73 234 244 279 
73 234 245 279 
74 234 237 279 
74 234 242 279 
74 234 243 279 
74 234 244 279 
74 234 245 279 
78 234 237 279 
78 234 242 279 
78 234 243 279 
78 234 244 279 
78 234 245 279 
79 234 237 279 
79 234 242 279 
79 234 243 279 
79 234 244 279 
79 234 245 279 
80 234 237 279 
80 234 242 279 
80 234 243 279 
80 234 244 279 
80 234 245 279 
84 234 237 279 
84 234 242 279 
84 234 243 279 
84 234 244 279 
84 234 245 279 
88 234 237 279 
88 234 242 279 
88 234 243 279 
88 234 244 279 
88 234 245 279 
125 234 237 279 
125 234 242 279 
125 234 243 279 
125 234 244 279 
125 234 245 279 
129 234 237 279 
129 234 242 279 
129 234 243 279 
129 234 244 279 
129 234 245 279 
145 234 237 279 
145 234 242 279 
145 234 243 279 
145 234 244 279 
145 234 245 279 
152 234 237 279 
152 234 242 279 
152 234 243 279 
152 234 244 279 
152 234 245 279 
155 234 237 279 
155 234 242 279 
155 234 243 279 
155 234 244 279 
155 234 245 279 
158 234 237 279 
158 234 242 279 
158 234 243 279 
158 234 244 279 
158 234 245 279 
160 234 237 279 
160 234 242 279 
160 234 243 279 
160 234 244 279 
160 234 245 279 
161 234 237 279 
161 234 242 279 
161 234 243 279 
161 234 244 279 
161 234 245 279 
165 234 237 279 
165 234 242 279 
165 234 243 279 
165 234 244 279 
165 234 245 279 
167 234 237 279 
167 234 242 279 
167 234 243 279 
167 234 244 279 
167 234 245 279 
46 65 66 236 237 279 
58 64 66 236 237 279 
66 236 237 279 
69 236 237 279 
71 236 237 279 
73 236 237 279 
74 236 237 279 
78 236 237 279 
79 236 237 279 
80 236 237 279 
84 236 237 279 
88 236 237 279 
125 236 237 279 
129 236 237 279 
145 236 237 279 
152 236 237 279 
155 236 237 279 
158 236 237 279 
160 236 237 279 
161 236 237 279 
165 236 237 279 
167 236 237 279 
46 65 66 237 239 279 
46 65 66 237 240 279 
46 65 66 237 241 279 
46 65 66 237 251 279 
46 65 66 237 252 279 
46 65 66 237 253 279 
58 64 66 237 239 279 
58 64 66 237 240 279 
58 64 66 237 241 279 
58 64 66 237 251 279 
58 64 66 237 252 279 
58 64 66 237 253 279 
66 237 239 279 
66 237 240 279 
66 237 241 279 
66 237 246 279 
66 237 247 279 
66 237 248 279 
66 237 249 279 
66 237 251 279 
66 237 252 279 
66 237 253 279 
69 237 239 279 
69 237 240 279 
69 237 241 279 
69 237 246 279 
69 237 247 279 
69 237 248 279 
69 237 249 279 
69 237 251 279 
69 237 252 279 
69 237 253 279 
71 237 239 279 
71 237 240 279 
71 237 241 279 
71 237 246 279 
71 237 247 279 
71 237 248 279 
71 237 249 279 
71 237 251 279 
71 237 252 279 
71 237 253 279 
73 237 239 279 
73 237 240 279 
73 237 241 279 
73 237 246 279 
73 237 247 279 
73 237 248 279 
73 237 249 279 
73 237 251 279 
73 237 252 279 
73 237 253 279 
74 237 239 279 
74 237 240 279 
74 237 241 279 
74 237 246 279 
74 237 247 279 
74 237 248 279 
74 237 249 279 
74 237 251 279 
74 237 252 279 
74 237 253 279 
78 237 239 279 
78 237 240 279 
78 237 241 279 
78 237 246 279 
78 237 247 279 
78 237 248 279 
78 237 249 279 
78 237 251 279 
78 237 252 279 
78 237 253 279 
79 237 239 279 
79 237 240 279 
79 237 241 279 
79 237 246 279 
79 237 247 279 
79 237 248 279 
79 237 249 279 
79 237 251 279 
79 237 252 279 
79 237 253 279 
80 237 239 279 
80 237 240 279 
80 237 241 279 
80 237 246 279 
80 237 247 279 
80 237 248 279 
80 237 249 279 
80 237 251 279 
80 237 252 279 
80 237 253 279 
84 237 239 279 
84 237 240 279 
84 237 241 279 
84 237 246 279 
84 237 247 279 
84 237 248 279 
84 237 249 279 
84 237 251 279 
84 237 252 279 
84 237 253 279 
88 237 239 279 
88 237 240 279 
88 237 241 279 
88 237 246 279 
88 237 247 279 
88 237 248 279 
88 237 249 279 
88 237 251 279 
88 237 252 279 
88 237 253 279 
125 237 239 279 
125 237 240 279 
125 237 241 279 
125 237 246 279 
125 237 247 279 
125 237 248 279 
125 237 249 279 
125 237 251 279 
125 237 252 279 
125 237 253 279 
129 237 239 279 
129 237 240 279 
129 237 241 279 
129 237 246 279 
129 237 247 279 
129 237 248 279 
129 237 249 279 
129 237 251 279 
129 237 252 279 
129 237 253 279 
145 237 239 279 
145 237 240 279 
145 237 241 279 
145 237 246 279 
145 237 247 279 
145 237 248 279 
145 237 249 279 
145 237 251 279 
145 237 252 279 
145 237 253 279 
152 237 239 279 
152 237 240 279 
152 237 241 279 
152 237 246 279 
152 237 247 279 
152 237 248 279 
152 237 249 279 
152 237 251 279 
152 237 252 279 
152 237 253 279 
155 237 239 279 
155 237 240 279 
155 237 241 279 
155 237 246 279 
155 237 247 279 
155 237 248 279 
155 237 249 279 
155 237 251 279 
155 237 252 279 
155 237 253 279 
158 237 239 279 
158 237 240 279 
158 237 241 279 
158 237 246 279 
158 237 247 279 
158 237 248 279 
158 237 249 279 
158 237 251 279 
158 237 252 279 
158 237 253 279 
160 237 239 279 
160 237 240 279 
160 237 241 279 
160 237 246 279 
160 237 247 279 
160 237 248 279 
160 237 249 279 
160 237 251 279 
160 237 252 279 
160 237 253 279 
161 237 239 279 
161 237 240 279 
161 237 241 279 
161 237 246 279 
161 237 247 279 
161 237 248 279 
161 237 249 279 
161 237 251 279 
161 237 252 279 
161 237 253 279 
165 237 239 279 
165 237 240 279 
165 237 241 279 
165 237 246 279 
165 237 247 279 
165 237 248 279 
165 237 249 279 
165 237 251 279 
165 237 252 279 
165 237 253 279 
167 237 239 279 
167 237 240 279 
167 237 241 279 
167 237 246 279 
167 237 247 279 
167 237 248 279 
167 237 249 279 
167 237 251 279 
167 237 252 279 
167 237 253 279 
