1270 1271 
1269 1271 
1268 1271 
1267 1271 
1266 1271 
1264 1265 1271 
1263 1271 
1262 1271 
1261 1271 
1260 1271 
1244 1271 
1242 1271 
1240 1271 
1239 1240 1271 
1223 1240 1271 
1222 1240 1271 
1214 1215 1240 1271 
1214 1240 1271 
1213 1271 
1212 1271 
1211 1271 
1210 1271 
1209 1271 
1206 1271 
1190 1203 1204 1271 
1190 1194 1203 1204 1271 
16 314 1188 1190 1203 1204 1271 
1174 1181 1187 1271 
4 1168 1173 1271 
4 1157 1168 1173 1271 
855 1190 1203 1204 1271 
848 1190 1203 1204 1271 
847 1270 1271 
846 1269 1271 
845 1268 1271 
844 1267 1271 
843 1266 1271 
842 1264 1265 1271 
841 1263 1271 
840 1261 1271 
839 1260 1271 
838 1244 1271 
837 1242 1271 
836 1213 1271 
835 1212 1271 
834 1211 1271 
833 1210 1271 
832 1209 1271 
831 1190 1203 1204 1271 
4 830 1168 1173 1271 
829 1271 
828 1270 1271 
827 1269 1271 
826 1268 1271 
825 1267 1271 
824 1266 1271 
823 1264 1265 1271 
822 1263 1271 
821 1261 1271 
820 1260 1271 
819 1244 1271 
818 1242 1271 
817 1213 1271 
816 1212 1271 
815 1211 1271 
814 1210 1271 
813 1209 1271 
812 1190 1203 1204 1271 
4 811 1168 1173 1271 
810 1271 
809 1271 
808 809 1240 1271 
807 808 809 1240 1271 
805 809 1190 1203 1204 1271 
804 809 1174 1181 1187 1271 
803 809 1271 
802 809 1271 
801 809 1264 1265 1271 
800 809 1267 1271 
799 809 1266 1271 
798 1270 1271 
797 1269 1271 
796 1267 1271 
795 1266 1271 
794 1264 1265 1271 
793 1263 1271 
792 1262 1271 
791 1261 1271 
790 1240 1271 
789 1213 1271 
788 1212 1271 
787 1211 1271 
786 1210 1271 
785 1209 1271 
784 1271 
783 1271 
782 1206 1271 
781 1190 1203 1204 1271 
4 780 1168 1173 1271 
779 1270 1271 
777 1269 1271 
775 1268 1271 
771 1240 1271 
768 1213 1271 
767 1271 
766 1212 1271 
765 1211 1271 
764 1210 1271 
763 1209 1271 
762 1271 
761 1271 
760 1206 1271 
759 1190 1203 1204 1271 
4 758 1168 1173 1271 
757 1264 1265 1271 
756 1270 1271 
754 1269 1271 
752 1268 1271 
748 1240 1271 
745 1213 1271 
744 1271 
743 1212 1271 
742 1211 1271 
741 1210 1271 
740 1209 1271 
739 1271 
738 1271 
737 1206 1271 
736 1190 1203 1204 1271 
4 735 1168 1173 1271 
734 1264 1265 1271 
733 1270 1271 
731 1269 1271 
729 1268 1271 
725 1240 1271 
722 1213 1271 
721 1271 
720 1212 1271 
719 1211 1271 
718 1210 1271 
717 1209 1271 
716 1271 
715 1271 
714 1206 1271 
713 1190 1203 1204 1271 
4 712 1168 1173 1271 
711 1264 1265 1271 
710 1271 
709 710 1267 1271 
708 710 1266 1271 
707 710 1264 1265 1271 
706 710 1244 1271 
705 710 1242 1271 
703 710 1240 1271 
702 710 1212 1271 
701 710 1211 1271 
700 710 1210 1271 
699 710 1209 1271 
697 698 710 1190 1203 1204 1271 
697 710 1190 1203 1204 1271 
695 696 710 1174 1181 1187 1271 
695 710 1174 1181 1187 1271 
687 1240 1271 
682 1271 
681 1271 
680 1206 1271 
679 1190 1203 1204 1271 
678 1174 1181 1187 1271 
4 675 677 1168 1173 1271 
674 1240 1271 
671 1271 
670 1271 
669 1206 1271 
668 1190 1203 1204 1271 
667 1174 1181 1187 1271 
4 663 666 1168 1173 1271 
662 1271 
661 662 1190 1203 1204 1271 
659 662 1174 1181 1187 1271 
655 1190 1203 1204 1271 
654 1240 1271 
650 1190 1203 1204 1271 
4 649 1168 1173 1271 
648 1240 1271 
644 1190 1203 1204 1271 
4 643 1168 1173 1271 
642 1271 
641 642 1271 
640 642 1271 
639 642 1271 
638 642 1271 
637 642 1271 
636 642 1271 
635 642 1271 
634 642 1271 
633 642 1271 
632 642 1271 
631 642 1271 
630 642 1271 
629 642 1271 
624 642 1271 
621 642 1267 1271 
620 621 642 1267 1271 
619 621 642 1267 1271 
618 621 642 1267 1271 
617 621 642 1267 1271 
616 621 642 1267 1271 
615 621 642 1267 1271 
614 621 642 1267 1271 
613 621 642 1267 1271 
612 621 642 1267 1271 
611 621 642 1267 1271 
610 621 642 1267 1271 
607 642 1266 1271 
606 607 642 1266 1271 
605 607 642 1266 1271 
604 607 642 1266 1271 
603 607 642 1266 1271 
602 607 642 1266 1271 
601 607 642 1266 1271 
600 607 642 1266 1271 
599 607 642 1266 1271 
598 607 642 1266 1271 
597 607 642 1266 1271 
596 607 642 1266 1271 
593 642 1264 1265 1271 
592 593 642 1264 1265 1271 
591 593 642 1264 1265 1271 
590 593 642 1264 1265 1271 
589 593 642 1264 1265 1271 
588 593 642 1264 1265 1271 
587 593 642 1264 1265 1271 
586 593 642 1264 1265 1271 
585 593 642 1264 1265 1271 
584 593 642 1264 1265 1271 
583 593 642 1264 1265 1271 
562 642 1213 1271 
561 642 1213 1271 
560 642 1213 1271 
559 642 1213 1271 
558 642 1213 1271 
557 642 1213 1271 
556 642 1212 1271 
555 556 642 1212 1271 
554 642 1211 1271 
553 554 642 1211 1271 
552 642 1210 1271 
551 552 642 1210 1271 
550 642 1209 1271 
549 550 642 1209 1271 
548 642 1271 
547 548 642 1271 
546 548 642 1271 
545 548 642 1271 
544 548 642 1271 
542 548 642 1271 
541 642 1271 
540 541 642 1271 
539 541 642 1271 
538 541 642 1271 
537 541 642 1271 
535 541 642 1271 
529 642 1206 1271 
528 642 1206 1271 
527 642 1206 1271 
526 642 1206 1271 
525 642 1206 1271 
524 642 1206 1271 
523 642 1190 1203 1204 1271 
522 642 1190 1203 1204 1271 
521 642 1190 1203 1204 1271 
520 642 1190 1203 1204 1271 
519 642 1190 1203 1204 1271 
518 642 1190 1203 1204 1271 
517 642 1190 1203 1204 1271 
516 642 1190 1203 1204 1271 
515 642 1190 1203 1204 1271 
514 642 1190 1203 1204 1271 
513 642 1190 1203 1204 1271 
512 642 1190 1203 1204 1271 
511 642 1190 1203 1204 1271 
510 642 1190 1203 1204 1271 
507 642 1190 1203 1204 1271 
506 642 1190 1203 1204 1271 
505 642 1190 1203 1204 1271 
504 642 1174 1181 1187 1271 
503 642 1174 1181 1187 1271 
502 642 1174 1181 1187 1271 
501 642 1174 1181 1187 1271 
500 642 1174 1181 1187 1271 
499 642 1174 1181 1187 1271 
498 642 1174 1181 1187 1271 
497 642 1174 1181 1187 1271 
496 642 1174 1181 1187 1271 
495 642 1174 1181 1187 1271 
494 642 1174 1181 1187 1271 
493 642 1174 1181 1187 1271 
492 642 1174 1181 1187 1271 
491 642 1174 1181 1187 1271 
490 642 1174 1181 1187 1271 
487 642 1174 1181 1187 1271 
486 642 1174 1181 1187 1271 
4 485 642 1168 1173 1271 
4 483 642 1168 1173 1271 
4 482 642 1168 1173 1271 
4 481 642 1168 1173 1271 
4 480 642 1168 1173 1271 
4 479 642 1168 1173 1271 
4 478 642 1168 1173 1271 
4 477 642 1168 1173 1271 
4 476 642 1168 1173 1271 
4 475 642 1168 1173 1271 
4 471 642 1168 1173 1271 
4 468 642 1168 1173 1271 
4 465 642 1168 1173 1271 
463 1271 
462 1267 1271 
461 1266 1271 
460 1264 1265 1271 
459 1260 1271 
458 1244 1271 
457 1242 1271 
454 1240 1271 
451 1214 1240 1271 
450 1212 1271 
449 1211 1271 
448 1210 1271 
447 1209 1271 
445 1190 1203 1204 1271 
442 1174 1181 1187 1271 
4 438 440 1168 1173 1271 
436 1270 1271 
435 1269 1271 
434 1268 1271 
433 1267 1271 
432 1266 1271 
431 1264 1265 1271 
430 1263 1271 
429 1262 1271 
428 1261 1271 
427 1260 1271 
426 1244 1271 
425 1242 1271 
424 1240 1271 
422 1213 1271 
421 1271 
420 1271 
419 1206 1271 
418 1190 1203 1204 1271 
417 1174 1181 1187 1271 
4 416 1168 1173 1271 
415 1270 1271 
414 1269 1271 
413 1268 1271 
412 1267 1271 
411 1266 1271 
410 1264 1265 1271 
409 1263 1271 
408 1262 1271 
407 1261 1271 
406 1260 1271 
405 1244 1271 
404 1242 1271 
403 1240 1271 
401 1213 1271 
400 1271 
399 1271 
398 1206 1271 
397 1190 1203 1204 1271 
396 1174 1181 1187 1271 
4 395 1168 1173 1271 
394 1270 1271 
393 1269 1271 
392 1268 1271 
391 1267 1271 
390 1266 1271 
389 1264 1265 1271 
388 1263 1271 
387 1262 1271 
386 1261 1271 
385 1260 1271 
384 1244 1271 
383 1242 1271 
382 1240 1271 
380 1213 1271 
379 1271 
378 1271 
377 1206 1271 
376 1190 1203 1204 1271 
375 1174 1181 1187 1271 
4 374 1168 1173 1271 
373 1271 
372 373 1270 1271 
371 373 1269 1271 
370 373 1268 1271 
369 373 1267 1271 
368 373 1266 1271 
367 373 1263 1271 
366 373 1262 1271 
365 373 1261 1271 
364 373 1244 1271 
363 373 1242 1271 
362 373 1240 1271 
360 373 1213 1271 
359 373 1271 
358 373 1271 
357 373 1206 1271 
356 373 1190 1203 1204 1271 
353 1240 1271 
349 350 1214 1215 1240 1271 
349 1214 1240 1271 
348 1190 1203 1204 1271 
347 1174 1181 1187 1271 
4 346 1168 1173 1271 
343 1240 1271 
339 340 1214 1215 1240 1271 
339 1214 1240 1271 
338 1190 1203 1204 1271 
337 1174 1181 1187 1271 
4 336 1168 1173 1271 
333 1240 1271 
329 330 1214 1215 1240 1271 
329 1214 1240 1271 
328 1190 1203 1204 1271 
327 1174 1181 1187 1271 
4 326 1168 1173 1271 
16 319 1240 1271 
16 315 316 1214 1215 1240 1271 
16 315 1214 1240 1271 
16 314 1190 1203 1204 1271 
16 313 1270 1271 
16 312 1269 1271 
16 311 1268 1271 
16 309 310 1267 1271 
16 307 308 1266 1271 
16 305 306 1264 1265 1271 
16 304 1263 1271 
16 303 1262 1271 
16 302 1261 1271 
16 301 1260 1271 
16 300 1244 1271 
16 299 1242 1271 
16 298 1240 1271 
16 296 298 319 1223 1240 1271 
16 295 298 319 1222 1240 1271 
16 285 286 298 315 316 1214 1215 1240 1271 
16 285 298 315 1214 1240 1271 
16 284 1213 1271 
16 282 283 1212 1271 
16 280 281 1211 1271 
16 278 279 1210 1271 
16 276 277 1209 1271 
16 275 1271 
16 273 1271 
16 271 1206 1271 
16 263 267 314 1190 1203 1204 1271 
16 249 258 1174 1181 1187 1271 
4 16 239 1168 1173 1271 
16 221 1271 
16 220 221 1270 1271 
16 219 221 1269 1271 
16 218 221 1268 1271 
16 216 217 221 1267 1271 
16 214 215 221 1266 1271 
16 212 213 221 1264 1265 1271 
16 211 221 1263 1271 
16 210 221 1262 1271 
16 209 221 1261 1271 
16 208 221 1260 1271 
16 207 221 1244 1271 
16 206 221 1242 1271 
16 205 221 1240 1271 
16 203 205 221 319 1223 1240 1271 
16 202 205 221 319 1222 1240 1271 
16 192 193 205 221 315 316 1214 1215 1240 1271 
16 192 205 221 315 1214 1240 1271 
16 191 221 1213 1271 
16 189 190 221 1212 1271 
16 187 188 221 1211 1271 
16 185 186 221 1210 1271 
16 183 184 221 1209 1271 
16 182 221 1271 
16 180 221 1271 
16 178 221 1206 1271 
16 170 174 221 314 1190 1203 1204 1271 
16 156 165 221 1174 1181 1187 1271 
4 16 146 221 1168 1173 1271 
128 1271 
127 128 1263 1271 
119 128 1240 1271 
116 128 1240 1271 
106 128 1214 1240 1271 
105 128 1271 
104 128 1271 
103 128 1271 
102 128 1206 1271 
4 101 128 1168 1173 1271 
100 128 1174 1181 1187 1271 
99 1271 
98 99 1263 1271 
90 99 1240 1271 
79 99 1214 1240 1271 
78 99 1271 
77 99 1271 
76 99 1271 
75 99 1206 1271 
4 74 99 1168 1173 1271 
73 99 1190 1203 1204 1271 
72 1271 
71 72 1271 
63 72 1240 1271 
45 50 72 1214 1240 1271 
45 47 72 1214 1240 1271 
45 46 72 1214 1240 1271 
45 72 1214 1240 1271 
44 72 1271 
43 72 1271 
42 72 1271 
41 72 1190 1203 1204 1271 
40 72 1174 1181 1187 1271 
38 1240 1271 
4 26 1168 1173 1271 
25 1240 1271 
16 1271 
4 15 16 26 1168 1173 1271 
4 14 16 1168 1173 1271 
4 13 16 1168 1173 1271 
4 12 16 1168 1173 1271 
4 11 16 1168 1173 1271 
4 10 16 1168 1173 1271 
4 9 16 26 1168 1173 1271 
4 8 16 1168 1173 1271 
4 7 16 1168 1173 1271 
4 6 16 1168 1173 1271 
5 1271 
4 1271 
3 1271 
2 1271 
1 1271 
863 1270 
847 1270 
828 1270 
809 1270 
798 1270 
779 1270 
778 779 1270 
756 1270 
755 756 1270 
733 1270 
732 733 1270 
710 1270 
662 1270 
642 1270 
626 642 1270 
625 642 1270 
623 642 1270 
464 642 1270 
436 1270 
415 1270 
394 1270 
372 373 1270 
16 313 1270 
16 220 221 1270 
128 1270 
99 1270 
72 1270 
71 72 1270 
30 1270 
16 1270 
5 1270 
3 1270 
2 1270 
863 1269 
846 1269 
827 1269 
809 1269 
797 1269 
777 1269 
776 777 1269 
754 1269 
753 754 1269 
731 1269 
730 731 1269 
710 1269 
662 1269 
642 1269 
626 642 1269 
625 642 1269 
622 642 1269 
464 642 1269 
435 1269 
414 1269 
393 1269 
371 373 1269 
16 312 1269 
16 219 221 1269 
128 1269 
99 1269 
72 1269 
71 72 1269 
30 1269 
16 1269 
5 1269 
3 1269 
2 1269 
863 1268 
845 1268 
826 1268 
809 1268 
775 1268 
752 1268 
729 1268 
710 1268 
662 1268 
642 1268 
626 642 1268 
625 642 1268 
464 642 1268 
434 1268 
413 1268 
392 1268 
370 373 1268 
16 311 1268 
16 218 221 1268 
128 1268 
99 1268 
72 1268 
71 72 1268 
30 1268 
16 1268 
5 1268 
3 1268 
2 1268 
662 1267 1271 
128 1267 1271 
99 1267 1271 
72 1267 1271 
71 72 1267 1271 
16 1267 1271 
5 1267 1271 
3 1267 1271 
2 1267 1271 
662 1266 1271 
128 1266 1271 
99 1266 1271 
72 1266 1271 
71 72 1266 1271 
16 1266 1271 
5 1266 1271 
3 1266 1271 
2 1266 1271 
863 1265 
859 1265 
852 1265 
842 1265 
823 1265 
801 809 1265 
794 1265 
757 1265 
734 1265 
711 1265 
707 710 1265 
662 1265 
593 642 1265 
593 626 642 1265 
593 625 642 1265 
592 593 642 1265 
591 593 642 1265 
590 593 642 1265 
589 593 642 1265 
588 593 642 1265 
587 593 642 1265 
586 593 642 1265 
585 593 642 1265 
584 593 642 1265 
583 593 642 1265 
582 593 642 1265 
581 593 642 1265 
464 593 642 1265 
460 1265 
431 1265 
410 1265 
389 1265 
373 1265 
16 306 1265 
16 213 221 1265 
128 1265 
99 1265 
72 1265 
71 72 1265 
30 1265 
16 1265 
5 1265 
3 1265 
2 1265 
662 1264 1265 1271 
373 1264 1265 1271 
128 1264 1265 1271 
99 1264 1265 1271 
72 1264 1265 1271 
71 72 1264 1265 1271 
16 1264 1265 1271 
5 1264 1265 1271 
3 1264 1265 1271 
2 1264 1265 1271 
863 1263 
841 1263 
822 1263 
809 1263 
793 1263 
710 1263 
662 1263 
642 1263 
626 642 1263 
625 642 1263 
580 642 1263 
579 642 1263 
464 642 1263 
430 1263 
409 1263 
388 1263 
367 373 1263 
16 304 1263 
16 211 221 1263 
127 128 1263 
98 99 1263 
72 1263 
71 72 1263 
70 72 1263 
30 1263 
16 1263 
5 1263 
3 1263 
2 1263 
863 1262 
809 1262 
792 1262 
710 1262 
662 1262 
642 1262 
626 642 1262 
625 642 1262 
575 642 1262 
574 642 1262 
573 642 1262 
464 642 1262 
429 1262 
408 1262 
387 1262 
366 373 1262 
16 303 1262 
16 210 221 1262 
128 1262 
99 1262 
72 1262 
71 72 1262 
30 1262 
16 1262 
5 1262 
3 1262 
2 1262 
863 1261 
840 1261 
821 1261 
809 1261 
791 1261 
710 1261 
662 1261 
642 1261 
626 642 1261 
625 642 1261 
572 642 1261 
571 642 1261 
570 642 1261 
569 642 1261 
464 642 1261 
428 1261 
407 1261 
386 1261 
365 373 1261 
16 302 1261 
16 209 221 1261 
128 1261 
99 1261 
72 1261 
71 72 1261 
30 1261 
16 1261 
5 1261 
3 1261 
2 1261 
1259 1260 
1258 1260 
1257 1260 
1256 1260 
1255 1260 
1254 1260 
1253 1260 
1252 1260 
1251 1260 
1250 1260 
1249 1260 
1248 1260 
1247 1260 
1246 1260 
1245 1260 
863 1260 
839 1260 
820 1260 
809 1260 
710 1260 
662 1260 
642 1260 
626 642 1260 
625 642 1260 
578 642 1260 
577 642 1260 
576 642 1260 
464 642 1260 
459 1260 
427 1260 
406 1260 
385 1260 
373 1260 
16 301 1260 
16 208 221 1260 
128 1260 
99 1260 
72 1260 
71 72 1260 
39 710 1260 
37 1260 
36 1260 
35 1260 
34 1260 
30 1260 
16 1260 
5 1260 
3 1260 
2 1260 
863 1258 1260 
30 1258 1260 
863 1257 1260 
30 1257 1260 
863 1256 1260 
30 1256 1260 
863 1255 1260 
30 1255 1260 
863 1254 1260 
30 1254 1260 
863 1253 1260 
30 1253 1260 
863 1252 1260 
30 1252 1260 
863 1251 1260 
30 1251 1260 
863 1250 1260 
30 1250 1260 
863 1249 1260 
30 1249 1260 
863 1248 1260 
30 1248 1260 
863 1247 1260 
30 1247 1260 
863 1246 1260 
30 1246 1260 
863 1245 1260 
30 1245 1260 
1243 1244 
863 1244 
858 1244 
851 1244 
838 1244 
819 1244 
809 1244 
706 710 1244 
662 1244 
642 1244 
626 642 1244 
625 642 1244 
568 642 1244 
567 642 1244 
566 642 1244 
464 642 1244 
458 1244 
426 1244 
405 1244 
384 1244 
364 373 1244 
16 300 1244 
16 207 221 1244 
128 1244 
99 1244 
72 1244 
71 72 1244 
30 1244 
16 1244 
5 1244 
3 1244 
2 1244 
1241 1242 
863 1242 
857 1242 
850 1242 
837 1242 
818 1242 
809 1242 
705 710 1242 
662 1242 
642 1242 
626 642 1242 
625 642 1242 
565 642 1242 
564 642 1242 
563 642 1242 
464 642 1242 
457 1242 
425 1242 
404 1242 
383 1242 
363 373 1242 
16 299 1242 
16 206 221 1242 
128 1242 
99 1242 
72 1242 
71 72 1242 
30 1242 
16 1242 
5 1242 
3 1242 
2 1242 
1239 1240 
1238 1240 
1237 1240 
1236 1240 
1235 1240 
1234 1240 
1233 1240 
1232 1240 
1231 1240 
1230 1240 
1229 1240 
1228 1240 
1227 1240 
1226 1240 
1225 1240 
1224 1240 
1223 1240 
1222 1240 
1221 1240 
1220 1240 
1219 1240 
1218 1240 
1217 1240 
1216 1240 
1215 1240 
863 1240 
856 1240 
849 1240 
808 809 1240 
806 808 809 1240 
790 1240 
774 1240 
773 1240 
772 1240 
770 1221 1240 
769 1240 
751 1240 
750 1240 
749 1240 
747 1221 1240 
746 1240 
728 1240 
727 1240 
726 1240 
724 1221 1240 
723 1240 
710 1240 
704 710 1225 1240 
703 710 1240 
687 1240 
686 687 1225 1240 
685 687 1240 
684 687 1217 1240 
683 687 1216 1240 
674 1240 
673 674 1225 1240 
672 674 1240 
662 1240 
658 1217 1240 
657 1216 1240 
656 1240 
654 1240 
653 654 1217 1240 
652 654 1216 1240 
651 654 1240 
648 1240 
647 648 1217 1240 
646 648 1216 1240 
645 648 1240 
642 1240 
626 642 1240 
625 642 1240 
464 642 1240 
456 1240 
455 1240 
453 1221 1240 
452 1240 
424 1240 
423 424 1240 
403 1240 
402 403 1240 
382 1240 
381 382 1240 
362 373 1240 
361 362 373 1240 
355 1240 
354 1240 
352 1221 1240 
351 1240 
350 1215 1240 
345 1240 
344 1240 
342 1221 1240 
341 1240 
340 1215 1240 
335 1240 
334 1240 
332 1221 1240 
331 1240 
330 1215 1240 
16 325 1240 
16 324 1240 
16 323 1240 
16 322 1240 
16 321 1240 
16 320 1240 
16 318 1221 1240 
16 317 1240 
16 316 1215 1240 
16 297 1225 1240 
16 296 1223 1240 
16 295 1222 1240 
16 294 317 1240 
16 293 318 1221 1240 
16 292 1220 1240 
16 291 1219 1240 
16 290 1218 1240 
16 289 1240 
16 288 1217 1240 
16 287 1216 1240 
16 286 316 1215 1240 
16 221 1240 
16 204 221 1225 1240 
16 203 221 1223 1240 
16 202 221 1222 1240 
16 201 221 317 1240 
16 200 221 318 1221 1240 
16 199 221 1220 1240 
16 198 221 1219 1240 
16 197 221 1218 1240 
16 196 221 1240 
16 195 221 1217 1240 
16 194 221 1216 1240 
16 193 221 316 1215 1240 
128 1240 
126 128 1240 
125 128 1240 
124 128 1240 
123 128 1240 
122 128 1240 
121 128 1240 
120 128 1240 
118 128 1221 1240 
117 128 1240 
116 128 1240 
115 128 1240 
114 128 1240 
113 128 1240 
112 128 1240 
111 128 1240 
110 128 1240 
109 128 1240 
108 116 128 1240 
107 128 1240 
99 1240 
97 99 1240 
96 99 1240 
95 99 1240 
94 99 1240 
93 99 1240 
92 99 1240 
91 99 1240 
89 99 1221 1240 
88 99 1240 
87 99 1240 
86 99 1240 
85 99 1240 
84 99 1240 
83 99 1240 
82 99 1240 
81 99 1240 
80 99 1240 
72 1240 
71 72 1240 
69 72 1240 
68 72 1240 
67 72 1240 
66 72 1240 
65 72 1240 
64 72 1240 
62 72 1221 1240 
61 72 1240 
60 72 1240 
59 72 1240 
58 72 1240 
57 72 1240 
56 72 1240 
55 72 1240 
54 72 1240 
53 72 1240 
52 72 1240 
51 72 1240 
50 72 1240 
49 72 1240 
48 72 1240 
47 72 1240 
46 72 1240 
30 1240 
16 1240 
5 1240 
3 1240 
2 1240 
863 1239 1240 
30 1239 1240 
856 1225 1240 
849 1225 1240 
808 809 1225 1240 
790 1225 1240 
662 1225 1240 
654 1225 1240 
648 1225 1240 
642 1225 1240 
424 1225 1240 
403 1225 1240 
382 1225 1240 
362 373 1225 1240 
128 1225 1240 
99 1225 1240 
72 1225 1240 
71 72 1225 1240 
16 1225 1240 
5 1225 1240 
3 1225 1240 
2 1225 1240 
863 1224 1240 
30 1224 1240 
1221 1223 1240 
808 809 1223 1240 
807 808 809 1223 1240 1271 
806 808 809 1223 1240 
790 1223 1240 
773 1223 1240 
772 1223 1240 
771 1223 1240 1271 
770 1221 1223 1240 
769 1223 1240 
750 1223 1240 
749 1223 1240 
748 1223 1240 1271 
747 1221 1223 1240 
746 1223 1240 
727 1223 1240 
726 1223 1240 
725 1223 1240 1271 
724 1221 1223 1240 
723 1223 1240 
710 1223 1240 
687 1223 1240 
674 1223 1240 
662 1223 1240 
654 1223 1240 
648 1223 1240 
642 1223 1240 
626 642 1221 1223 1240 
625 642 1223 1240 
464 642 1223 1240 
456 1223 1240 
455 1223 1240 
454 1223 1240 1271 
453 1221 1223 1240 
452 1223 1240 
424 1223 1240 
423 424 1223 1240 
403 1223 1240 
402 403 1223 1240 
382 1223 1240 
381 382 1223 1240 
362 373 1223 1240 
361 362 373 1223 1240 
355 1223 1240 
354 1223 1240 
353 1223 1240 1271 
352 1221 1223 1240 
351 1223 1240 
345 1223 1240 
344 1223 1240 
343 1223 1240 1271 
342 1221 1223 1240 
341 1223 1240 
335 1223 1240 
334 1223 1240 
333 1223 1240 1271 
332 1221 1223 1240 
331 1223 1240 
16 321 1223 1240 
16 320 1223 1240 
16 319 1223 1240 1271 
16 318 1221 1223 1240 
16 317 1223 1240 
16 294 296 317 1223 1240 
16 293 296 318 1221 1223 1240 
16 201 203 221 317 1223 1240 
16 200 203 221 318 1221 1223 1240 
128 1223 1240 
126 128 1223 1240 
121 128 1223 1240 
120 128 1223 1240 
119 128 1223 1240 1271 
118 128 1221 1223 1240 
117 128 1223 1240 
99 1223 1240 
92 99 1223 1240 
91 99 1223 1240 
90 99 1223 1240 1271 
89 99 1221 1223 1240 
88 99 1223 1240 
72 1223 1240 
71 72 1223 1240 
65 72 1223 1240 
64 72 1223 1240 
63 72 1223 1240 1271 
62 72 1221 1223 1240 
61 72 1223 1240 
16 1223 1240 
5 1223 1240 
3 1223 1240 
2 1223 1240 
1221 1222 1240 
808 809 1222 1240 
807 808 809 1222 1240 1271 
806 808 809 1222 1240 
790 1222 1240 
773 1222 1240 
772 1222 1240 
771 1222 1240 1271 
770 1221 1222 1240 
769 1222 1240 
750 1222 1240 
749 1222 1240 
748 1222 1240 1271 
747 1221 1222 1240 
746 1222 1240 
727 1222 1240 
726 1222 1240 
725 1222 1240 1271 
724 1221 1222 1240 
723 1222 1240 
710 1222 1240 
687 1222 1240 
674 1222 1240 
662 1222 1240 
654 1222 1240 
648 1222 1240 
642 1222 1240 
626 642 1221 1222 1240 
625 642 1222 1240 
464 642 1222 1240 
456 1222 1240 
455 1222 1240 
454 1222 1240 1271 
453 1221 1222 1240 
452 1222 1240 
424 1222 1240 
423 424 1222 1240 
403 1222 1240 
402 403 1222 1240 
382 1222 1240 
381 382 1222 1240 
362 373 1222 1240 
361 362 373 1222 1240 
355 1222 1240 
354 1222 1240 
353 1222 1240 1271 
352 1221 1222 1240 
351 1222 1240 
345 1222 1240 
344 1222 1240 
343 1222 1240 1271 
342 1221 1222 1240 
341 1222 1240 
335 1222 1240 
334 1222 1240 
333 1222 1240 1271 
332 1221 1222 1240 
331 1222 1240 
16 321 1222 1240 
16 320 1222 1240 
16 319 1222 1240 1271 
16 318 1221 1222 1240 
16 317 1222 1240 
16 294 295 317 1222 1240 
16 293 295 318 1221 1222 1240 
16 201 202 221 317 1222 1240 
16 200 202 221 318 1221 1222 1240 
128 1222 1240 
126 128 1222 1240 
121 128 1222 1240 
120 128 1222 1240 
119 128 1222 1240 1271 
118 128 1221 1222 1240 
117 128 1222 1240 
99 1222 1240 
92 99 1222 1240 
91 99 1222 1240 
90 99 1222 1240 1271 
89 99 1221 1222 1240 
88 99 1222 1240 
72 1222 1240 
71 72 1222 1240 
65 72 1222 1240 
64 72 1222 1240 
63 72 1222 1240 1271 
62 72 1221 1222 1240 
61 72 1222 1240 
16 1222 1240 
5 1222 1240 
3 1222 1240 
2 1222 1240 
808 809 1221 1240 
790 1221 1240 
710 1221 1240 
687 1221 1240 
674 1221 1240 
662 1221 1240 
654 1221 1240 
648 1221 1240 
642 1221 1240 
626 642 1221 1240 
424 1221 1240 
403 1221 1240 
382 1221 1240 
362 373 1221 1240 
62 71 72 1221 1240 
5 1221 1240 
3 1221 1240 
2 1221 1240 
808 809 1220 1240 
790 1220 1240 
710 1220 1240 
687 1220 1240 
674 1220 1240 
662 1220 1240 
654 1220 1240 
648 1220 1240 
642 1220 1240 
424 1220 1240 
403 1220 1240 
382 1220 1240 
362 373 1220 1240 
128 1220 1240 
99 1220 1240 
72 1220 1240 
71 72 1220 1240 
16 1220 1240 
5 1220 1240 
3 1220 1240 
2 1220 1240 
808 809 1219 1240 
790 1219 1240 
710 1219 1240 
687 1219 1240 
674 1219 1240 
662 1219 1240 
654 1219 1240 
648 1219 1240 
642 1219 1240 
424 1219 1240 
403 1219 1240 
382 1219 1240 
362 373 1219 1240 
128 1219 1240 
99 1219 1240 
72 1219 1240 
71 72 1219 1240 
16 1219 1240 
5 1219 1240 
3 1219 1240 
2 1219 1240 
856 1218 1240 
849 1218 1240 
808 809 1218 1240 
790 1218 1240 
710 1218 1240 
687 1218 1240 
674 1218 1240 
662 1218 1240 
654 1218 1240 
648 1218 1240 
642 1218 1240 
424 1218 1240 
403 1218 1240 
382 1218 1240 
362 373 1218 1240 
128 1218 1240 
99 1218 1240 
72 1218 1240 
71 72 1218 1240 
16 1218 1240 
5 1218 1240 
3 1218 1240 
2 1218 1240 
856 1217 1240 
849 1217 1240 
808 809 1217 1240 
790 1217 1240 
710 1217 1240 
674 1217 1240 
672 674 1217 1240 
662 1217 1240 
642 1217 1240 
424 1217 1240 
403 1217 1240 
382 1217 1240 
362 373 1217 1240 
128 1217 1240 
99 1217 1240 
72 1217 1240 
71 72 1217 1240 
16 1217 1240 
5 1217 1240 
3 658 1217 1240 
2 1217 1240 
856 1216 1240 
849 1216 1240 
808 809 1216 1240 
790 1216 1240 
710 1216 1240 
674 1216 1240 
672 674 1216 1240 
662 1216 1240 
642 1216 1240 
424 1216 1240 
403 1216 1240 
382 1216 1240 
362 373 1216 1240 
128 1216 1240 
99 1216 1240 
72 1216 1240 
71 72 1216 1240 
16 1216 1240 
5 1216 1240 
3 657 1216 1240 
2 1216 1240 
808 809 1215 1240 
790 1215 1240 
710 1215 1240 
687 1215 1240 
674 1215 1240 
662 1215 1240 
654 1215 1240 
648 1215 1240 
642 1215 1240 
626 642 1215 1240 
625 642 1215 1240 
464 642 1215 1240 
451 1214 1215 1240 1271 
424 1215 1240 
403 1215 1240 
382 1215 1240 
362 373 1215 1240 
128 1215 1240 
126 128 1215 1240 
106 128 1214 1215 1240 1271 
99 1215 1240 
97 99 1215 1240 
79 99 1214 1215 1240 1271 
72 1215 1240 
71 72 1215 1240 
45 72 1214 1215 1240 1271 
5 1215 1240 
3 1215 1240 
2 1215 1240 
808 809 1214 1240 1271 
790 1214 1240 1271 
710 1214 1240 1271 
687 1214 1240 1271 
674 1214 1240 1271 
662 1214 1240 1271 
654 1214 1240 1271 
648 1214 1240 1271 
642 1214 1240 1271 
424 1214 1240 1271 
403 1214 1240 1271 
382 1214 1240 1271 
362 373 1214 1240 1271 
45 71 72 1214 1240 1271 
5 1214 1240 1271 
3 1214 1240 1271 
2 1214 1240 1271 
863 1213 
836 1213 
817 1213 
809 1213 
789 1213 
768 1213 
745 1213 
722 1213 
710 1213 
662 1213 
642 1213 
626 642 1213 
625 642 1213 
562 642 1213 
561 642 1213 
560 642 1213 
559 642 1213 
558 642 1213 
557 642 1213 
464 642 1213 
422 1213 
401 1213 
380 1213 
360 373 1213 
16 284 1213 
16 191 221 1213 
128 1213 
99 1213 
72 1213 
71 72 1213 
30 1213 
16 1213 
5 1213 
3 1213 
2 1213 
835 1212 
816 1212 
809 1212 
788 1212 
766 1212 
743 1212 
720 1212 
702 710 1212 
662 1212 
556 642 1212 
556 626 642 1212 
556 625 642 1212 
555 556 642 1212 
464 556 642 1212 
450 1212 
373 1212 
16 282 283 1212 
16 189 190 221 1212 
128 1212 
99 1212 
72 1212 
71 72 1212 
16 1212 
5 1212 
3 1212 
2 1212 
834 1211 
815 1211 
809 1211 
787 1211 
765 1211 
742 1211 
719 1211 
701 710 1211 
662 1211 
554 642 1211 
554 626 642 1211 
554 625 642 1211 
553 554 642 1211 
464 554 642 1211 
449 1211 
373 1211 
16 280 281 1211 
16 187 188 221 1211 
128 1211 
99 1211 
72 1211 
71 72 1211 
16 1211 
5 1211 
3 1211 
2 1211 
863 1210 
833 1210 
814 1210 
809 1210 
786 1210 
764 1210 
741 1210 
718 1210 
700 710 1210 
662 1210 
552 642 1210 
552 626 642 1210 
552 625 642 1210 
551 552 642 1210 
464 552 642 1210 
448 1210 
373 1210 
16 279 1210 
16 278 279 1210 
16 186 221 1210 
16 185 186 221 1210 
128 1210 
99 1210 
72 1210 
71 72 1210 
30 1210 
16 1210 
5 1210 
3 1210 
2 1210 
863 1209 
832 1209 
813 1209 
809 1209 
785 1209 
763 1209 
740 1209 
717 1209 
699 710 1209 
662 1209 
550 642 1209 
550 626 642 1209 
550 625 642 1209 
549 550 642 1209 
464 550 642 1209 
447 1209 
373 1209 
16 277 1209 
16 276 277 1209 
16 184 221 1209 
16 183 184 221 1209 
128 1209 
99 1209 
72 1209 
71 72 1209 
30 1209 
16 1209 
5 1209 
3 1209 
2 1209 
809 1208 
784 1208 
762 1208 
739 1208 
716 1208 
710 1208 
682 1208 
671 1208 
662 1208 
548 642 1208 
421 1208 
400 1208 
379 1208 
359 373 1208 
16 274 275 1208 
16 181 182 221 1208 
104 128 1208 
77 99 1208 
43 72 1208 
43 71 72 1208 
16 1208 
5 1208 
3 1208 
2 1208 
809 1207 
783 1207 
761 1207 
738 1207 
715 1207 
710 1207 
681 1207 
670 1207 
662 1207 
541 642 1207 
420 1207 
399 1207 
378 1207 
358 373 1207 
16 272 273 1207 
16 179 180 221 1207 
103 128 1207 
76 99 1207 
42 72 1207 
42 71 72 1207 
16 1207 
5 1207 
3 1207 
2 1207 
1205 1206 
863 1206 
809 1206 
782 1206 
760 1206 
737 1206 
714 1206 
710 1206 
680 1206 
669 1206 
662 1206 
642 1206 
626 642 1206 
625 642 1206 
534 642 1206 
533 642 1206 
532 642 1206 
531 642 1206 
530 642 1206 
529 642 1206 
528 642 1206 
527 642 1206 
526 642 1206 
525 642 1206 
524 642 1206 
464 642 1206 
419 1206 
398 1206 
377 1206 
357 373 1206 
16 271 1206 
16 270 271 1206 
16 269 271 1205 1206 
16 268 271 1206 
16 178 221 1206 
16 177 178 221 1206 
16 176 178 221 1205 1206 
16 175 178 221 1206 
102 128 1206 
75 99 1206 
72 1206 
71 72 1206 
30 1206 
16 1206 
5 1206 
3 1206 
2 1206 
809 1205 1206 
782 1205 1206 
760 1205 1206 
737 1205 1206 
714 1205 1206 
710 1205 1206 
680 1205 1206 
669 1205 1206 
662 1205 1206 
642 1205 1206 
626 642 1205 1206 
529 626 642 1205 1206 
528 626 642 1205 1206 
527 626 642 1205 1206 
526 626 642 1205 1206 
525 626 642 1205 1206 
524 642 1205 1206 
419 1205 1206 
398 1205 1206 
377 1205 1206 
357 373 1205 1206 
102 128 1205 1206 
75 99 1205 1206 
72 1205 1206 
71 72 1205 1206 
16 1205 1206 
5 1205 1206 
3 1205 1206 
2 1205 1206 
1202 1204 
1201 1204 
1200 1204 
1199 1204 
1198 1204 
1197 1204 
1196 1204 
1195 1204 
1194 1204 
1190 1193 1204 
1190 1192 1204 
1191 1204 
1190 1204 
1189 1204 
16 314 1188 1190 1204 
863 1204 
855 1204 
848 1204 
831 1204 
812 1204 
805 809 1204 
781 1204 
759 1204 
736 1204 
713 1204 
710 1204 
697 698 710 1190 1204 
697 710 1190 1204 
679 1190 1204 
668 1190 1204 
662 1204 
661 662 1190 1204 
655 1204 
650 1204 
644 1204 
642 1204 
626 642 1190 1204 
625 642 1190 1204 
523 642 1190 1204 
522 642 1190 1204 
521 642 1190 1204 
520 642 1190 1204 
519 642 1190 1204 
518 642 1190 1204 
517 642 1190 1204 
516 642 1190 1204 
515 642 1190 1204 
514 642 1190 1204 
513 642 1190 1204 
512 642 1190 1204 
511 642 1190 1204 
510 642 1190 1204 
509 642 1204 
508 642 1204 
507 642 1190 1204 
506 642 1190 1204 
505 642 1190 1204 
464 642 1190 1204 
446 1204 
445 1190 1204 
444 1199 1204 
418 1204 
397 1204 
376 1204 
356 373 1204 
348 1204 
338 1204 
328 1204 
16 314 1204 
16 267 314 1204 
16 266 267 314 1190 1204 
16 265 267 314 1204 
16 264 267 314 1190 1204 
16 262 267 314 1204 
16 261 267 314 1204 
16 260 267 314 1199 1204 
16 259 267 314 1204 
16 174 221 314 1204 
16 173 174 221 314 1190 1204 
16 172 174 221 314 1204 
16 171 174 221 314 1190 1204 
16 169 174 221 314 1204 
16 168 174 221 314 1204 
16 167 174 221 314 1199 1204 
16 166 174 221 314 1204 
128 1204 
73 99 1204 
41 72 1204 
41 71 72 1204 
30 1204 
5 1204 
3 655 1204 
2 1204 
642 1190 1203 1204 1271 
128 1190 1203 1204 1271 
41 71 72 1190 1203 1204 1271 
5 1190 1203 1204 1271 
3 655 1190 1203 1204 1271 
2 1190 1203 1204 1271 
863 1202 1204 
30 1202 1204 
863 1201 1204 
30 1201 1204 
863 1200 1204 
30 1200 1204 
1194 1199 1204 
855 1199 1204 
848 1199 1204 
831 1199 1204 
812 1199 1204 
805 809 1199 1204 
781 1199 1204 
759 1199 1204 
736 1199 1204 
713 1199 1204 
710 1199 1204 
662 1199 1204 
655 1199 1204 
650 1199 1204 
644 1199 1204 
642 1199 1204 
418 1199 1204 
397 1199 1204 
376 1199 1204 
356 373 1199 1204 
348 1199 1204 
338 1199 1204 
328 1199 1204 
16 314 1199 1204 
128 1199 1204 
73 99 1199 1204 
41 72 1199 1204 
41 71 72 1199 1204 
5 1199 1204 
3 655 1199 1204 
2 1199 1204 
1190 1194 1204 
863 1194 1204 
30 1194 1204 
855 1190 1204 
848 1190 1204 
831 1190 1204 
812 1190 1204 
805 809 1190 1204 
781 1190 1204 
759 1190 1204 
736 1190 1204 
713 1190 1204 
655 1190 1204 
650 1190 1204 
644 1190 1204 
642 1190 1204 
418 1190 1204 
397 1190 1204 
376 1190 1204 
356 373 1190 1204 
348 1190 1204 
338 1190 1204 
328 1190 1204 
16 314 1190 1204 
16 267 314 1190 1204 
16 174 221 314 1190 1204 
128 1190 1204 
73 99 1190 1204 
41 72 1190 1204 
41 71 72 1190 1204 
5 1190 1204 
3 655 1190 1204 
2 1190 1204 
1186 1187 
1185 1187 
1184 1187 
1183 1187 
1182 1187 
1180 1187 
1179 1187 
1178 1187 
1177 1187 
1176 1187 
1175 1187 
1174 1187 
863 1187 
804 809 1187 
710 1187 
695 696 710 1174 1187 
695 710 1174 1187 
678 1174 1187 
667 1174 1187 
662 1187 
660 662 1187 
659 662 1174 1187 
642 1187 
626 642 1174 1187 
625 642 1174 1187 
504 642 1174 1187 
503 642 1174 1187 
502 642 1174 1187 
501 642 1174 1187 
500 642 1174 1187 
499 642 1174 1187 
498 642 1174 1187 
497 642 1174 1187 
496 642 1174 1187 
495 642 1174 1187 
494 642 1174 1187 
493 642 1174 1187 
492 642 1174 1187 
491 642 1174 1187 
490 642 1174 1187 
489 642 1187 
488 642 1187 
487 642 1174 1187 
486 642 1174 1187 
464 642 1174 1187 
443 1187 
442 1174 1187 
441 1177 1187 
417 1187 
396 1187 
375 1187 
373 1187 
347 1187 
337 1187 
327 1187 
16 258 1187 
16 257 258 1174 1187 
16 256 258 1174 1187 
16 255 258 1186 1187 
16 254 258 1185 1187 
16 253 258 1184 1187 
16 252 258 1183 1187 
16 251 258 1182 1187 
16 250 258 1174 1187 
16 248 258 1177 1187 
16 165 221 1187 
16 164 165 221 1174 1187 
16 163 165 221 1174 1187 
16 162 165 221 1186 1187 
16 161 165 221 1185 1187 
16 160 165 221 1184 1187 
16 159 165 221 1183 1187 
16 158 165 221 1182 1187 
16 157 165 221 1174 1187 
16 155 165 221 1177 1187 
100 128 1187 
99 1187 
40 72 1187 
40 71 72 1187 
30 1187 
29 1187 
24 1187 
23 1187 
16 1187 
5 1187 
3 1187 
2 1187 
1180 1186 1187 
1179 1186 1187 
1178 1186 1187 
804 809 1186 1187 
710 1186 1187 
662 1186 1187 
642 1186 1187 
489 642 1186 1187 
488 642 1186 1187 
443 1186 1187 
417 1186 1187 
396 1186 1187 
375 1186 1187 
373 1186 1187 
347 1186 1187 
337 1186 1187 
327 1186 1187 
100 128 1186 1187 
99 1186 1187 
40 72 1186 1187 
40 71 72 1186 1187 
16 1186 1187 
5 1186 1187 
3 1186 1187 
2 1186 1187 
1180 1185 1187 
1179 1185 1187 
1178 1185 1187 
804 809 1185 1187 
710 1185 1187 
662 1185 1187 
642 1185 1187 
489 642 1185 1187 
488 642 1185 1187 
443 1185 1187 
417 1185 1187 
396 1185 1187 
375 1185 1187 
373 1185 1187 
347 1185 1187 
337 1185 1187 
327 1185 1187 
100 128 1185 1187 
99 1185 1187 
40 72 1185 1187 
40 71 72 1185 1187 
16 1185 1187 
5 1185 1187 
3 1185 1187 
2 1185 1187 
1180 1184 1187 
1179 1184 1187 
1178 1184 1187 
804 809 1184 1187 
710 1184 1187 
662 1184 1187 
642 1184 1187 
489 642 1184 1187 
488 642 1184 1187 
443 1184 1187 
417 1184 1187 
396 1184 1187 
375 1184 1187 
373 1184 1187 
347 1184 1187 
337 1184 1187 
327 1184 1187 
100 128 1184 1187 
99 1184 1187 
40 72 1184 1187 
40 71 72 1184 1187 
16 1184 1187 
5 1184 1187 
3 1184 1187 
2 1184 1187 
1180 1183 1187 
1179 1183 1187 
1178 1183 1187 
804 809 1183 1187 
710 1183 1187 
662 1183 1187 
642 1183 1187 
489 642 1183 1187 
488 642 1183 1187 
443 1183 1187 
417 1183 1187 
396 1183 1187 
375 1183 1187 
373 1183 1187 
347 1183 1187 
337 1183 1187 
327 1183 1187 
100 128 1183 1187 
99 1183 1187 
40 72 1183 1187 
40 71 72 1183 1187 
16 1183 1187 
5 1183 1187 
3 1183 1187 
2 1183 1187 
1180 1182 1187 
1179 1182 1187 
1178 1182 1187 
804 809 1182 1187 
710 1182 1187 
662 1182 1187 
642 1182 1187 
489 642 1182 1187 
488 642 1182 1187 
443 1182 1187 
417 1182 1187 
396 1182 1187 
375 1182 1187 
373 1182 1187 
347 1182 1187 
337 1182 1187 
327 1182 1187 
100 128 1182 1187 
99 1182 1187 
40 72 1182 1187 
40 71 72 1182 1187 
16 1182 1187 
5 1182 1187 
3 1182 1187 
2 1182 1187 
642 1174 1181 1187 1271 
373 1174 1181 1187 1271 
99 1174 1181 1187 1271 
40 71 72 1174 1181 1187 1271 
16 1174 1181 1187 1271 
5 1174 1181 1187 1271 
3 1174 1181 1187 1271 
2 1174 1181 1187 1271 
863 1180 1187 
30 1180 1187 
23 1180 1187 
863 1179 1187 
30 1179 1187 
23 1179 1187 
863 1178 1187 
30 1178 1187 
23 1178 1187 
804 809 1177 1187 
710 1177 1187 
662 1177 1187 
642 1177 1187 
417 1177 1187 
396 1177 1187 
375 1177 1187 
373 1177 1187 
347 1177 1187 
337 1177 1187 
327 1177 1187 
100 128 1177 1187 
99 1177 1187 
40 72 1177 1187 
40 71 72 1177 1187 
16 1177 1187 
5 1177 1187 
3 1177 1187 
2 1177 1187 
804 809 1174 1187 
642 1174 1187 
417 1174 1187 
396 1174 1187 
375 1174 1187 
373 1174 1187 
347 1174 1187 
337 1174 1187 
327 1174 1187 
16 258 1174 1187 
16 165 221 1174 1187 
100 128 1174 1187 
99 1174 1187 
40 72 1174 1187 
40 71 72 1174 1187 
16 1174 1187 
5 1174 1187 
3 1174 1187 
2 1174 1187 
1172 1173 
1171 1173 
1170 1173 
1169 1173 
1167 1173 
1166 1173 
1165 1173 
4 1164 1173 
1163 1171 1173 
1162 1170 1173 
1161 1173 
1160 1173 
1159 1173 
1158 1173 
1157 1173 
4 1156 1173 
4 1155 1173 
4 1154 1173 
4 1153 1173 
4 1152 1173 
4 1151 1173 
4 1150 1173 
4 1149 1173 
1148 1173 
1147 1173 
1146 1173 
1143 1173 
1142 1148 1173 
1141 1173 
1140 1173 
1137 1173 
1136 1148 1173 
1135 1173 
1134 1173 
1131 1173 
1130 1148 1173 
1129 1173 
1128 1173 
1125 1173 
1124 1148 1173 
1123 1173 
1122 1173 
1119 1173 
1118 1148 1173 
1117 1173 
1116 1173 
1113 1173 
1112 1148 1173 
1111 1173 
1110 1173 
1107 1173 
1106 1148 1173 
1105 1173 
1104 1173 
1101 1173 
1100 1148 1173 
1099 1173 
1098 1173 
1095 1173 
1094 1148 1173 
1093 1173 
1092 1173 
1089 1173 
1088 1148 1173 
1087 1173 
1086 1173 
1083 1173 
1082 1148 1173 
1081 1173 
1080 1173 
1077 1173 
1076 1148 1173 
1075 1173 
1074 1173 
1071 1173 
1070 1148 1173 
1069 1173 
1068 1173 
1065 1173 
1064 1148 1173 
1063 1173 
1062 1173 
1059 1173 
1058 1148 1173 
1057 1173 
1056 1173 
346 1053 1173 
346 1052 1148 1173 
346 1051 1173 
346 1050 1173 
346 1047 1173 
346 1046 1148 1173 
346 1045 1173 
346 1044 1173 
346 1041 1173 
346 1040 1148 1173 
346 1039 1173 
346 1038 1173 
1035 1173 
1034 1148 1173 
1033 1173 
1032 1173 
1029 1173 
1028 1148 1173 
1027 1173 
1026 1173 
1023 1173 
1022 1148 1173 
1021 1173 
1020 1173 
1017 1173 
1016 1148 1173 
1015 1173 
1014 1173 
1011 1173 
1010 1148 1173 
1009 1173 
1008 1173 
1005 1173 
1004 1148 1173 
1003 1173 
1002 1173 
999 1173 
998 1148 1173 
997 1173 
996 1173 
993 1173 
992 1148 1173 
991 1173 
990 1173 
987 1173 
986 1148 1173 
985 1173 
984 1173 
981 1173 
980 1148 1173 
979 1173 
978 1173 
975 1173 
974 1148 1173 
973 1173 
972 1173 
969 1173 
968 1148 1173 
967 1173 
966 1173 
963 1173 
962 1148 1173 
961 1173 
960 1173 
957 1173 
956 1148 1173 
955 1173 
954 1173 
951 1173 
950 1148 1173 
949 1173 
948 1173 
945 1173 
944 1148 1173 
943 1173 
942 1173 
939 1173 
938 1148 1173 
937 1173 
936 1173 
933 1173 
932 1148 1173 
931 1173 
930 1173 
927 1173 
926 1148 1173 
925 1173 
924 1173 
921 1173 
920 1148 1173 
919 1173 
918 1173 
915 1173 
914 1148 1173 
913 1173 
912 1173 
909 1173 
908 1148 1173 
907 1173 
906 1173 
903 1173 
902 1148 1173 
901 1173 
900 1173 
897 1173 
896 1148 1173 
895 1173 
894 1173 
891 1173 
890 1148 1173 
889 1173 
888 1173 
885 1173 
884 1148 1173 
883 1173 
882 1173 
879 1173 
878 1148 1173 
877 1173 
876 1173 
873 1173 
872 1148 1173 
871 1173 
870 1173 
867 1173 
866 1148 1173 
865 1173 
864 1173 
863 1173 
830 1173 
811 1173 
809 1173 
780 1173 
758 1173 
735 1173 
712 1173 
710 1173 
694 710 1173 
693 710 1169 1173 
692 710 1173 
691 710 1173 
690 710 1173 
689 710 1173 
688 710 1173 
677 1173 
676 677 1173 
4 675 677 1173 
666 1173 
665 666 1173 
664 666 1173 
4 663 666 1173 
662 1173 
649 1173 
643 1173 
642 1173 
4 626 642 1173 
4 625 642 1173 
4 485 642 1173 
484 642 1173 
4 483 642 1173 
4 482 642 1173 
4 481 642 1173 
4 480 642 1173 
4 479 642 1173 
4 478 642 1173 
4 477 642 1173 
4 476 642 1173 
4 475 642 1173 
474 642 1173 
473 642 1173 
4 472 642 1173 
4 471 642 1173 
470 642 1173 
4 469 642 1173 
4 468 642 1173 
4 467 642 1173 
4 466 642 1173 
4 465 642 1173 
4 464 642 1173 
440 1173 
439 440 1173 
4 438 440 1173 
437 440 1167 1173 
416 1173 
395 1173 
374 1173 
373 1173 
346 1173 
336 1173 
326 1173 
4 16 247 1173 
16 246 1173 
16 245 1173 
16 244 1173 
16 243 1171 1173 
16 242 1170 1173 
16 241 1169 1173 
4 16 240 1173 
16 238 1167 1173 
16 237 1173 
16 236 1173 
16 235 1173 
16 234 1173 
16 233 1161 1173 
16 232 1160 1173 
16 231 1159 1173 
16 230 1158 1173 
16 229 1173 
16 228 229 1148 1173 
16 227 1173 
16 226 1173 
4 16 225 1173 
16 224 1173 
16 223 1173 
16 222 1173 
16 221 1173 
4 16 154 221 1173 
16 153 221 1173 
16 152 221 1173 
16 151 221 1173 
16 150 221 1171 1173 
16 149 221 1170 1173 
16 148 221 1169 1173 
4 16 147 221 1173 
16 145 221 1167 1173 
16 144 221 1173 
16 143 221 1173 
16 142 221 1173 
16 141 221 1173 
16 140 221 1161 1173 
16 139 221 1160 1173 
16 138 221 1159 1173 
16 137 221 1158 1173 
16 136 221 1173 
16 135 136 221 1148 1173 
16 134 221 1173 
16 133 221 1173 
4 16 132 221 1173 
16 131 221 1173 
16 130 221 1173 
16 129 221 1173 
101 128 1173 
74 99 1173 
72 1173 
71 72 1173 
33 1173 
32 1173 
4 31 1173 
30 1173 
4 28 1173 
27 1173 
22 1173 
21 1173 
20 1173 
19 1173 
18 1173 
17 1173 
16 1173 
5 1173 
4 1173 
3 1173 
2 1173 
1171 1172 1173 
1170 1172 1173 
1169 1172 1173 
1148 1172 1173 
863 1172 1173 
30 1172 1173 
22 1172 1173 
21 1172 1173 
1157 1171 1173 
830 1171 1173 
811 1171 1173 
809 1171 1173 
780 1171 1173 
758 1171 1173 
735 1171 1173 
712 1171 1173 
710 1171 1173 
677 1171 1173 
666 1171 1173 
662 1171 1173 
649 1171 1173 
643 1171 1173 
642 1171 1173 
474 642 1171 1173 
473 642 1171 1173 
439 440 1171 1173 
416 1171 1173 
395 1171 1173 
374 1171 1173 
373 1171 1173 
346 1171 1173 
336 1171 1173 
326 1171 1173 
16 224 243 1171 1173 
16 131 150 221 1171 1173 
101 128 1171 1173 
74 99 1171 1173 
72 1171 1173 
71 72 1171 1173 
16 1171 1173 
5 1171 1173 
3 1171 1173 
2 1171 1173 
1157 1170 1173 
830 1170 1173 
811 1170 1173 
809 1170 1173 
780 1170 1173 
758 1170 1173 
735 1170 1173 
712 1170 1173 
710 1170 1173 
677 1170 1173 
666 1170 1173 
662 1170 1173 
649 1170 1173 
643 1170 1173 
642 1170 1173 
474 642 1170 1173 
473 642 1170 1173 
439 440 1170 1173 
416 1170 1173 
395 1170 1173 
374 1170 1173 
373 1170 1173 
346 1170 1173 
336 1170 1173 
326 1170 1173 
16 224 242 1170 1173 
16 131 149 221 1170 1173 
101 128 1170 1173 
74 99 1170 1173 
72 1170 1173 
71 72 1170 1173 
16 1170 1173 
5 1170 1173 
3 1170 1173 
2 1170 1173 
1166 1169 1173 
1157 1169 1173 
830 1169 1173 
811 1169 1173 
809 1169 1173 
780 1169 1173 
758 1169 1173 
735 1169 1173 
712 1169 1173 
677 1169 1173 
666 1169 1173 
662 1169 1173 
649 1169 1173 
643 1169 1173 
642 1169 1173 
474 642 1169 1173 
473 642 1169 1173 
439 440 1169 1173 
416 1169 1173 
395 1169 1173 
374 1169 1173 
373 1169 1173 
346 1169 1173 
336 1169 1173 
326 1169 1173 
16 224 241 1169 1173 
16 131 148 221 1169 1173 
101 128 1169 1173 
74 99 1169 1173 
72 1169 1173 
71 72 1169 1173 
16 1169 1173 
5 1169 1173 
3 1169 1173 
2 1169 1173 
4 809 1168 1173 1271 
4 710 1168 1173 1271 
4 662 1168 1173 1271 
4 642 1168 1173 1271 
4 373 1168 1173 1271 
4 72 1168 1173 1271 
4 71 72 1168 1173 1271 
4 16 1168 1173 1271 
4 5 1168 1173 1271 
3 4 1168 1173 1271 
2 4 1168 1173 1271 
1157 1167 1173 
830 1167 1173 
811 1167 1173 
809 1167 1173 
780 1167 1173 
758 1167 1173 
735 1167 1173 
712 1167 1173 
710 1167 1173 
677 1167 1173 
666 1167 1173 
662 1167 1173 
649 1167 1173 
643 1167 1173 
642 1167 1173 
416 1167 1173 
395 1167 1173 
374 1167 1173 
373 1167 1173 
346 1167 1173 
336 1167 1173 
326 1167 1173 
101 128 1167 1173 
74 99 1167 1173 
72 1167 1173 
71 72 1167 1173 
16 1167 1173 
5 1167 1173 
3 1167 1173 
2 1167 1173 
1161 1166 1173 
1160 1166 1173 
1159 1166 1173 
1158 1166 1173 
1148 1166 1173 
863 1166 1173 
33 1166 1173 
32 1166 1173 
1161 1165 1173 
1160 1165 1173 
1159 1165 1173 
1158 1165 1173 
33 1165 1173 
32 1165 1173 
1157 1161 1173 
863 1161 1173 
830 1161 1173 
811 1161 1173 
809 1161 1173 
780 1161 1173 
758 1161 1173 
735 1161 1173 
712 1161 1173 
710 1161 1173 
694 710 1161 1173 
677 1161 1173 
666 1161 1173 
662 1161 1173 
649 1161 1173 
643 1161 1173 
642 1161 1173 
439 440 1161 1173 
416 1161 1173 
395 1161 1173 
374 1161 1173 
373 1161 1173 
346 1161 1173 
336 1161 1173 
326 1161 1173 
16 222 233 1161 1173 
16 129 140 221 1161 1173 
101 128 1161 1173 
74 99 1161 1173 
72 1161 1173 
71 72 1161 1173 
30 1161 1173 
16 1161 1173 
5 1161 1173 
3 1161 1173 
2 1161 1173 
1157 1160 1173 
863 1160 1173 
830 1160 1173 
811 1160 1173 
809 1160 1173 
780 1160 1173 
758 1160 1173 
735 1160 1173 
712 1160 1173 
710 1160 1173 
694 710 1160 1173 
677 1160 1173 
666 1160 1173 
662 1160 1173 
649 1160 1173 
643 1160 1173 
642 1160 1173 
439 440 1160 1173 
416 1160 1173 
395 1160 1173 
374 1160 1173 
373 1160 1173 
346 1160 1173 
336 1160 1173 
326 1160 1173 
16 222 232 1160 1173 
16 129 139 221 1160 1173 
101 128 1160 1173 
74 99 1160 1173 
72 1160 1173 
71 72 1160 1173 
30 1160 1173 
16 1160 1173 
5 1160 1173 
3 1160 1173 
2 1160 1173 
1157 1159 1173 
863 1159 1173 
830 1159 1173 
811 1159 1173 
809 1159 1173 
780 1159 1173 
758 1159 1173 
735 1159 1173 
712 1159 1173 
710 1159 1173 
694 710 1159 1173 
689 710 1159 1173 
677 1159 1173 
666 1159 1173 
662 1159 1173 
649 1159 1173 
643 1159 1173 
642 1159 1173 
439 440 1159 1173 
416 1159 1173 
395 1159 1173 
374 1159 1173 
373 1159 1173 
346 1159 1173 
336 1159 1173 
326 1159 1173 
16 222 231 1159 1173 
16 129 138 221 1159 1173 
101 128 1159 1173 
74 99 1159 1173 
72 1159 1173 
71 72 1159 1173 
30 1159 1173 
16 1159 1173 
5 1159 1173 
3 1159 1173 
2 1159 1173 
1157 1158 1173 
863 1158 1173 
830 1158 1173 
811 1158 1173 
809 1158 1173 
780 1158 1173 
758 1158 1173 
735 1158 1173 
712 1158 1173 
710 1158 1173 
694 710 1158 1173 
677 1158 1173 
666 1158 1173 
662 1158 1173 
649 1158 1173 
643 1158 1173 
642 1158 1173 
439 440 1158 1173 
416 1158 1173 
395 1158 1173 
374 1158 1173 
373 1158 1173 
346 1158 1173 
336 1158 1173 
326 1158 1173 
16 222 230 1158 1173 
16 129 137 221 1158 1173 
101 128 1158 1173 
74 99 1158 1173 
72 1158 1173 
71 72 1158 1173 
30 1158 1173 
16 1158 1173 
5 1158 1173 
3 1158 1173 
2 1158 1173 
1148 1157 1173 
863 1157 1173 
33 1157 1173 
32 1157 1173 
4 31 1157 1173 
30 1157 1173 
4 28 1157 1173 
27 1157 1173 
4 26 1157 1168 1173 1271 
22 1157 1173 
21 1157 1173 
4 1157 1173 
830 1148 1173 
811 1148 1173 
809 1148 1173 
780 1148 1173 
758 1148 1173 
735 1148 1173 
712 1148 1173 
710 1148 1173 
677 1148 1173 
676 677 1148 1173 
666 1148 1173 
664 666 1148 1173 
662 1148 1173 
649 1148 1173 
643 1148 1173 
642 1148 1173 
474 642 1148 1173 
473 642 1148 1173 
439 440 1148 1173 
416 1148 1173 
395 1148 1173 
374 1148 1173 
373 1148 1173 
346 1148 1173 
336 1148 1173 
326 1148 1173 
16 224 228 229 1148 1173 
16 131 135 136 221 1148 1173 
101 128 1148 1173 
74 99 1148 1173 
72 1148 1173 
71 72 1148 1173 
16 1148 1173 
5 1148 1173 
3 1148 1173 
2 1148 1173 
863 1147 1173 
30 1147 1173 
863 1146 1173 
30 1146 1173 
863 1145 
863 1139 
863 1133 
863 1127 
863 1121 
863 1115 
863 1109 
863 1103 
863 1097 
863 1091 
863 1085 
863 1079 
863 1073 
863 1067 
863 1061 
863 1055 
863 1049 
863 1043 
863 1037 
863 1031 
863 1025 
863 1019 
863 1013 
863 1007 
863 1001 
863 995 
863 989 
863 983 
863 977 
863 971 
863 965 
863 959 
863 953 
863 947 
863 941 
863 935 
863 929 
863 923 
863 917 
863 911 
863 905 
863 899 
863 893 
863 887 
863 881 
863 875 
863 869 
861 863 
860 863 
859 863 1265 
858 863 1244 
857 863 1242 
856 863 1240 
855 863 1204 
854 863 
853 863 
852 863 1265 
851 863 1244 
850 863 1242 
849 863 1240 
848 863 1204 
847 863 1270 
846 863 1269 
845 863 1268 
844 863 
843 863 
842 863 1265 
841 863 1263 
840 863 1261 
839 863 1260 
838 863 1244 
837 863 1242 
836 863 1213 
835 863 
834 863 
833 863 1210 
832 863 1209 
831 863 1204 
830 863 1173 
829 863 
828 863 1270 
827 863 1269 
826 863 1268 
825 863 
824 863 
823 863 1265 
822 863 1263 
821 863 1261 
820 863 1260 
819 863 1244 
818 863 1242 
817 863 1213 
816 863 
815 863 
814 863 1210 
813 863 1209 
812 863 1204 
811 863 1173 
810 863 
809 863 
808 809 863 1240 
805 809 863 1204 
804 809 863 1187 
803 809 863 
802 809 863 
801 809 863 1265 
800 809 863 
799 809 863 
798 863 1270 
797 863 1269 
796 863 
795 863 
794 863 1265 
793 863 1263 
792 863 1262 
791 863 1261 
790 863 1240 
789 863 1213 
788 863 
787 863 
786 863 1210 
785 863 1209 
784 863 
783 863 
782 863 1206 
781 863 1204 
780 863 1173 
779 863 1270 
777 863 1269 
775 863 1268 
768 863 1213 
767 863 
766 863 
765 863 
764 863 1210 
763 863 1209 
762 863 
761 863 
760 863 1206 
759 863 1204 
758 863 1173 
757 863 1265 
756 863 1270 
754 863 1269 
752 863 1268 
745 863 1213 
744 863 
743 863 
742 863 
741 863 1210 
740 863 1209 
739 863 
738 863 
737 863 1206 
736 863 1204 
735 863 1173 
734 863 1265 
733 863 1270 
731 863 1269 
729 863 1268 
722 863 1213 
721 863 
720 863 
719 863 
718 863 1210 
717 863 1209 
716 863 
715 863 
714 863 1206 
713 863 1204 
712 863 1173 
711 863 1265 
710 863 
709 710 863 
708 710 863 
707 710 863 1265 
706 710 863 1244 
705 710 863 1242 
702 710 863 
701 710 863 
700 710 863 1210 
699 710 863 1209 
691 710 863 1173 
690 710 863 1173 
687 863 1240 
685 687 863 1240 
682 863 
681 863 
680 863 1206 
677 863 1173 
676 677 863 1173 
674 863 1240 
672 674 863 1240 
671 863 
670 863 
669 863 1206 
666 863 1173 
665 666 863 1173 
664 666 863 1173 
662 863 
656 863 1240 
655 863 1204 
654 863 1240 
651 654 863 1240 
650 863 1204 
649 863 1173 
648 863 1240 
645 648 863 1240 
644 863 1204 
643 863 1173 
642 863 
621 642 863 
609 621 642 863 
608 621 642 863 
607 642 863 
595 607 642 863 
594 607 642 863 
593 642 863 1265 
582 593 642 863 1265 
581 593 642 863 1265 
580 642 863 1263 
578 642 863 1260 
575 642 863 1262 
574 642 863 1262 
573 642 863 1262 
572 642 863 1261 
571 642 863 1261 
570 642 863 1261 
568 642 863 1244 
565 642 863 1242 
556 642 863 
554 642 863 
552 642 863 1210 
550 642 863 1209 
548 642 863 
541 642 863 
509 642 863 1204 
508 642 863 1204 
489 642 863 1187 
488 642 863 1187 
474 642 863 1173 
473 642 863 1173 
462 863 
461 863 
460 863 1265 
459 863 1260 
458 863 1244 
457 863 1242 
450 863 
449 863 
448 863 1210 
447 863 1209 
446 863 1204 
443 863 1187 
439 440 863 1173 
436 863 1270 
435 863 1269 
434 863 1268 
433 863 
432 863 
431 863 1265 
430 863 1263 
429 863 1262 
428 863 1261 
427 863 1260 
426 863 1244 
425 863 1242 
424 863 1240 
422 863 1213 
421 863 
420 863 
419 863 1206 
418 863 1204 
417 863 1187 
416 863 1173 
415 863 1270 
414 863 1269 
413 863 1268 
412 863 
411 863 
410 863 1265 
409 863 1263 
408 863 1262 
407 863 1261 
406 863 1260 
405 863 1244 
404 863 1242 
403 863 1240 
401 863 1213 
400 863 
399 863 
398 863 1206 
397 863 1204 
396 863 1187 
395 863 1173 
394 863 1270 
393 863 1269 
392 863 1268 
391 863 
390 863 
389 863 1265 
388 863 1263 
387 863 1262 
386 863 1261 
385 863 1260 
384 863 1244 
383 863 1242 
382 863 1240 
380 863 1213 
379 863 
378 863 
377 863 1206 
376 863 1204 
375 863 1187 
374 863 1173 
373 863 
372 373 863 1270 
371 373 863 1269 
370 373 863 1268 
369 373 863 
368 373 863 
367 373 863 1263 
366 373 863 1262 
365 373 863 1261 
364 373 863 1244 
363 373 863 1242 
362 373 863 1240 
360 373 863 1213 
359 373 863 
358 373 863 
357 373 863 1206 
356 373 863 1204 
348 863 1204 
347 863 1187 
346 863 1173 
338 863 1204 
337 863 1187 
336 863 1173 
328 863 1204 
327 863 1187 
326 863 1173 
16 325 863 1240 
16 324 863 1240 
16 323 863 1240 
16 322 863 1240 
16 314 863 1204 
16 313 863 1270 
16 312 863 1269 
16 311 863 1268 
16 310 863 
16 308 863 
16 306 863 1265 
16 304 863 1263 
16 303 863 1262 
16 302 863 1261 
16 301 863 1260 
16 300 863 1244 
16 299 863 1242 
16 289 863 1240 
16 284 863 1213 
16 283 863 
16 281 863 
16 279 863 1210 
16 277 863 1209 
16 275 863 
16 273 863 
16 271 863 1206 
16 267 314 863 1204 
16 265 267 314 863 1204 
16 262 267 314 863 1204 
16 261 267 314 863 1204 
16 259 267 314 863 1204 
16 258 863 1187 
16 237 863 1173 
16 236 863 1173 
16 235 863 1173 
16 234 863 1173 
16 233 863 1161 1173 
16 232 863 1160 1173 
16 231 863 1159 1173 
16 230 863 1158 1173 
16 229 863 1173 
16 224 863 1173 
16 223 863 1173 
16 221 863 
16 220 221 863 1270 
16 219 221 863 1269 
16 218 221 863 1268 
16 217 221 863 
16 215 221 863 
16 213 221 863 1265 
16 211 221 863 1263 
16 210 221 863 1262 
16 209 221 863 1261 
16 208 221 863 1260 
16 207 221 863 1244 
16 206 221 863 1242 
16 196 221 863 1240 
16 191 221 863 1213 
16 190 221 863 
16 188 221 863 
16 186 221 863 1210 
16 184 221 863 1209 
16 182 221 863 
16 180 221 863 
16 178 221 863 1206 
16 174 221 314 863 1204 
16 172 174 221 314 863 1204 
16 169 174 221 314 863 1204 
16 168 174 221 314 863 1204 
16 166 174 221 314 863 1204 
16 165 221 863 1187 
16 144 221 863 1173 
16 143 221 863 1173 
16 142 221 863 1173 
16 141 221 863 1173 
16 140 221 863 1161 1173 
16 139 221 863 1160 1173 
16 138 221 863 1159 1173 
16 137 221 863 1158 1173 
16 136 221 863 1173 
16 131 221 863 1173 
16 130 221 863 1173 
128 863 
127 128 863 1263 
105 128 863 
104 128 863 
103 128 863 
102 128 863 1206 
101 128 863 1173 
100 128 863 1187 
99 863 
98 99 863 1263 
78 99 863 
77 99 863 
76 99 863 
75 99 863 1206 
74 99 863 1173 
73 99 863 1204 
72 863 
71 72 863 
70 72 863 1263 
49 72 863 1240 
44 72 863 
43 72 863 
42 72 863 
41 72 863 1204 
40 72 863 1187 
39 710 863 1260 
37 863 1260 
36 863 1260 
35 863 1260 
34 863 1260 
33 863 1173 
32 863 1173 
29 863 1187 
24 863 1187 
16 863 
5 863 
3 863 
2 863 
1 863 
30 861 
30 860 
30 859 1265 
30 858 1244 
30 857 1242 
30 856 1240 
30 855 1204 
30 854 
30 853 
30 852 1265 
30 851 1244 
30 850 1242 
30 849 1240 
30 848 1204 
30 847 1270 
30 846 1269 
30 845 1268 
30 844 
30 843 
30 842 1265 
30 841 1263 
30 840 1261 
30 839 1260 
30 838 1244 
30 837 1242 
30 836 1213 
30 835 
30 834 
30 833 1210 
30 832 1209 
30 831 1204 
33 830 1173 
32 830 1173 
4 31 830 1173 
30 830 1173 
4 28 830 1173 
27 830 1173 
4 26 830 1168 1173 1271 
22 830 1173 
21 830 1173 
4 830 1173 
30 829 
30 828 1270 
30 827 1269 
30 826 1268 
30 825 
30 824 
30 823 1265 
30 822 1263 
30 821 1261 
30 820 1260 
30 819 1244 
30 818 1242 
30 817 1213 
30 816 
30 815 
30 814 1210 
30 813 1209 
30 812 1204 
33 811 1173 
32 811 1173 
4 31 811 1173 
30 811 1173 
4 28 811 1173 
27 811 1173 
4 26 811 1168 1173 1271 
22 811 1173 
21 811 1173 
4 811 1173 
30 810 
803 809 
802 809 
800 809 
799 809 
38 808 809 1240 1271 
33 809 1173 
32 809 1173 
4 31 809 1173 
30 809 
29 804 809 1187 
4 28 809 1173 
27 809 1173 
4 26 809 1168 1173 1271 
25 808 809 1240 1271 
24 804 809 1187 
23 804 809 1187 
22 809 1173 
21 809 1173 
4 809 
1 809 
30 808 809 1240 
30 805 809 1204 
30 804 809 1187 
30 803 809 
30 802 809 
30 801 809 1265 
30 800 809 
30 799 809 
30 798 1270 
30 797 1269 
30 796 
30 795 
30 794 1265 
30 793 1263 
30 792 1262 
30 791 1261 
38 790 1240 1271 
30 790 1240 
25 790 1240 1271 
30 789 1213 
30 788 
30 787 
30 786 1210 
30 785 1209 
30 784 
30 783 
30 782 1206 
30 781 1204 
33 780 1173 
32 780 1173 
4 31 780 1173 
30 780 1173 
4 28 780 1173 
27 780 1173 
4 26 780 1168 1173 1271 
22 780 1173 
21 780 1173 
4 780 1173 
30 779 1270 
30 777 1269 
30 775 1268 
30 768 1213 
30 767 
30 766 
30 765 
30 764 1210 
30 763 1209 
30 762 
30 761 
30 760 1206 
30 759 1204 
33 758 1173 
32 758 1173 
4 31 758 1173 
30 758 1173 
4 28 758 1173 
27 758 1173 
4 26 758 1168 1173 1271 
22 758 1173 
21 758 1173 
4 758 1173 
30 757 1265 
30 756 1270 
30 754 1269 
30 752 1268 
30 745 1213 
30 744 
30 743 
30 742 
30 741 1210 
30 740 1209 
30 739 
30 738 
30 737 1206 
30 736 1204 
33 735 1173 
32 735 1173 
4 31 735 1173 
30 735 1173 
4 28 735 1173 
27 735 1173 
4 26 735 1168 1173 1271 
22 735 1173 
21 735 1173 
4 735 1173 
30 734 1265 
30 733 1270 
30 731 1269 
30 729 1268 
30 722 1213 
30 721 
30 720 
30 719 
30 718 1210 
30 717 1209 
30 716 
30 715 
30 714 1206 
30 713 1204 
33 712 1173 
32 712 1173 
4 31 712 1173 
30 712 1173 
4 28 712 1173 
27 712 1173 
4 26 712 1168 1173 1271 
22 712 1173 
21 712 1173 
4 712 1173 
30 711 1265 
709 710 
708 710 
702 710 
701 710 
38 710 1240 1271 
33 710 1173 
32 710 1173 
4 31 710 1173 
30 710 
29 710 1187 
4 28 710 1173 
27 710 1173 
4 26 710 1168 1173 1271 
25 710 1240 1271 
24 710 1187 
23 710 1187 
22 710 1173 
21 710 1173 
4 710 
1 710 
30 709 710 
30 708 710 
30 707 710 1265 
30 706 710 1244 
30 705 710 1242 
30 702 710 
30 701 710 
30 700 710 1210 
30 699 710 1209 
691 694 710 1173 
33 694 710 1173 
32 694 710 1173 
30 691 710 1173 
30 690 710 1173 
38 687 1240 1271 
30 687 1240 
25 687 1240 1271 
30 682 
30 681 
30 680 1206 
33 677 1173 
32 677 1173 
4 31 675 677 1173 
30 677 1173 
4 28 675 677 1173 
27 677 1173 
4 26 675 677 1168 1173 1271 
22 677 1173 
21 677 1173 
30 676 677 1173 
38 674 1240 1271 
30 674 1240 
25 674 1240 1271 
30 672 674 1240 
30 671 
30 670 
30 669 1206 
33 666 1173 
32 666 1173 
4 31 663 666 1173 
30 666 1173 
4 28 663 666 1173 
27 666 1173 
4 26 663 666 1168 1173 1271 
22 666 1173 
21 666 1173 
30 665 666 1173 
30 664 666 1173 
38 662 1240 1271 
33 662 1173 
32 662 1173 
4 31 662 1173 
30 662 
29 662 1187 
4 28 662 1173 
27 662 1173 
4 26 662 1168 1173 1271 
25 662 1240 1271 
24 662 1187 
23 662 1187 
22 662 1173 
21 662 1173 
4 662 
1 662 
3 656 1240 
30 655 1204 
38 654 1240 1271 
30 654 1240 
25 654 1240 1271 
30 650 1204 
33 649 1173 
32 649 1173 
4 31 649 1173 
30 649 1173 
4 28 649 1173 
27 649 1173 
4 26 649 1168 1173 1271 
22 649 1173 
21 649 1173 
4 649 1173 
38 648 1240 1271 
30 648 1240 
25 648 1240 1271 
30 644 1204 
33 643 1173 
32 643 1173 
4 31 643 1173 
30 643 1173 
4 28 643 1173 
27 643 1173 
4 26 643 1168 1173 1271 
22 643 1173 
21 643 1173 
4 643 1173 
641 642 
640 642 
639 642 
638 642 
637 642 
636 642 
635 642 
634 642 
633 642 
632 642 
631 642 
630 642 
629 642 
628 642 
627 642 
626 642 
625 642 
624 642 
621 642 
620 621 642 
619 621 642 
618 621 642 
617 621 642 
616 621 642 
615 621 642 
614 621 642 
613 621 642 
612 621 642 
611 621 642 
610 621 642 
609 621 642 
608 621 642 
607 642 
606 607 642 
605 607 642 
604 607 642 
603 607 642 
602 607 642 
601 607 642 
600 607 642 
599 607 642 
598 607 642 
597 607 642 
596 607 642 
595 607 642 
594 607 642 
556 642 
554 642 
548 642 
547 548 642 
546 548 642 
545 548 642 
544 548 642 
543 548 642 
542 548 642 
541 642 
540 541 642 
539 541 642 
538 541 642 
537 541 642 
536 541 642 
535 541 642 
464 642 
38 642 1240 1271 
33 642 1173 
32 642 1173 
4 31 642 1173 
30 642 
29 642 1187 
4 28 642 1173 
27 642 1173 
4 26 642 1168 1173 1271 
25 642 1240 1271 
24 642 1187 
23 642 1187 
22 642 1173 
21 642 1173 
4 642 
1 642 
624 626 642 
621 626 642 
619 621 626 642 
618 621 626 642 
617 621 626 642 
616 621 626 642 
615 621 626 642 
607 626 642 
605 607 626 642 
604 607 626 642 
603 607 626 642 
602 607 626 642 
601 607 626 642 
591 593 626 642 1265 
590 593 626 642 1265 
589 593 626 642 1265 
588 593 626 642 1265 
562 626 642 1213 
561 626 642 1213 
560 626 642 1213 
559 626 642 1213 
558 626 642 1213 
555 556 626 642 1212 
553 554 626 642 1211 
551 552 626 642 1210 
549 550 626 642 1209 
548 626 642 
547 548 626 642 
546 548 626 642 
545 548 626 642 
544 548 626 642 
541 626 642 
540 541 626 642 
539 541 626 642 
538 541 626 642 
537 541 626 642 
529 626 642 1206 
528 626 642 1206 
527 626 642 1206 
526 626 642 1206 
525 626 642 1206 
519 626 642 1190 1204 
518 626 642 1190 1204 
517 626 642 1190 1204 
516 626 642 1190 1204 
515 626 642 1190 1204 
499 626 642 1174 1187 
498 626 642 1174 1187 
497 626 642 1174 1187 
496 626 642 1174 1187 
495 626 642 1174 1187 
4 483 626 642 1173 
4 482 626 642 1173 
4 481 626 642 1173 
4 480 626 642 1173 
4 626 642 
1 626 642 
624 625 642 
621 625 642 
619 621 625 642 
618 621 625 642 
617 621 625 642 
616 621 625 642 
615 621 625 642 
607 625 642 
605 607 625 642 
604 607 625 642 
603 607 625 642 
602 607 625 642 
601 607 625 642 
591 593 625 642 1265 
590 593 625 642 1265 
589 593 625 642 1265 
588 593 625 642 1265 
562 625 642 1213 
561 625 642 1213 
560 625 642 1213 
559 625 642 1213 
558 625 642 1213 
555 556 625 642 1212 
553 554 625 642 1211 
551 552 625 642 1210 
549 550 625 642 1209 
548 625 642 
547 548 625 642 
546 548 625 642 
545 548 625 642 
544 548 625 642 
541 625 642 
540 541 625 642 
539 541 625 642 
538 541 625 642 
537 541 625 642 
529 625 642 1206 
528 625 642 1206 
527 625 642 1206 
526 625 642 1206 
525 625 642 1206 
519 625 642 1190 1204 
518 625 642 1190 1204 
517 625 642 1190 1204 
516 625 642 1190 1204 
515 625 642 1190 1204 
499 625 642 1174 1187 
498 625 642 1174 1187 
497 625 642 1174 1187 
496 625 642 1174 1187 
495 625 642 1174 1187 
4 483 625 642 1173 
4 482 625 642 1173 
4 481 625 642 1173 
4 480 625 642 1173 
4 625 642 
1 625 642 
464 624 642 
464 621 642 
30 621 642 
464 619 621 642 
464 618 621 642 
464 617 621 642 
464 616 621 642 
464 615 621 642 
30 609 621 642 
30 608 621 642 
464 607 642 
30 607 642 
464 605 607 642 
464 604 607 642 
464 603 607 642 
464 602 607 642 
464 601 607 642 
30 595 607 642 
30 594 607 642 
30 593 642 1265 
464 591 593 642 1265 
464 590 593 642 1265 
464 589 593 642 1265 
464 588 593 642 1265 
30 582 593 642 1265 
30 581 593 642 1265 
30 580 642 1263 
577 578 642 1260 
576 578 642 1260 
30 578 642 1260 
30 575 642 1262 
30 574 642 1262 
30 573 642 1262 
30 572 642 1261 
569 571 642 1261 
30 571 642 1261 
569 570 642 1261 
30 570 642 1261 
567 568 642 1244 
566 568 642 1244 
30 568 642 1244 
564 565 642 1242 
563 565 642 1242 
30 565 642 1242 
464 562 642 1213 
464 561 642 1213 
464 560 642 1213 
464 559 642 1213 
464 558 642 1213 
30 556 642 
464 555 556 642 1212 
30 554 642 
464 553 554 642 1211 
30 552 642 1210 
464 551 552 642 1210 
30 550 642 1209 
464 549 550 642 1209 
464 548 642 
30 548 642 
464 547 548 642 
464 546 548 642 
464 545 548 642 
464 544 548 642 
542 543 548 642 
464 541 642 
30 541 642 
464 540 541 642 
464 539 541 642 
464 538 541 642 
464 537 541 642 
535 536 541 642 
464 529 642 1206 
464 528 642 1206 
464 527 642 1206 
464 526 642 1206 
464 525 642 1206 
464 519 642 1190 1204 
464 518 642 1190 1204 
464 517 642 1190 1204 
464 516 642 1190 1204 
464 515 642 1190 1204 
30 509 642 1204 
30 508 642 1204 
464 499 642 1174 1187 
464 498 642 1174 1187 
464 497 642 1174 1187 
464 496 642 1174 1187 
464 495 642 1174 1187 
30 489 642 1187 
23 489 642 1187 
30 488 642 1187 
23 488 642 1187 
4 31 485 642 1173 
4 28 485 642 1173 
4 26 485 642 1168 1173 1271 
4 464 483 642 1173 
4 31 483 642 1173 
4 28 483 642 1173 
4 26 483 642 1168 1173 1271 
4 464 482 642 1173 
4 31 482 642 1173 
4 28 482 642 1173 
4 26 482 642 1168 1173 1271 
4 464 481 642 1173 
4 31 481 642 1173 
4 28 481 642 1173 
4 26 481 642 1168 1173 1271 
4 464 480 642 1173 
4 31 480 642 1173 
4 28 480 642 1173 
4 26 480 642 1168 1173 1271 
4 31 479 642 1173 
4 28 479 642 1173 
4 26 479 642 1168 1173 1271 
4 31 478 642 1173 
4 28 478 642 1173 
4 26 478 642 1168 1173 1271 
4 31 477 642 1173 
4 28 477 642 1173 
4 26 477 642 1168 1173 1271 
4 31 476 642 1173 
4 28 476 642 1173 
4 26 476 642 1168 1173 1271 
4 31 475 642 1173 
4 28 475 642 1173 
4 26 475 642 1168 1173 1271 
30 474 642 1173 
22 474 642 1173 
21 474 642 1173 
30 473 642 1173 
22 473 642 1173 
21 473 642 1173 
4 465 472 642 1173 
4 31 471 642 1173 
4 28 471 642 1173 
4 26 471 642 1168 1173 1271 
4 465 469 642 1173 
4 31 468 642 1173 
4 28 468 642 1173 
4 26 468 642 1168 1173 1271 
4 465 467 642 1173 
4 465 466 642 1173 
4 31 465 642 1173 
4 28 465 642 1173 
4 26 465 642 1168 1173 1271 
4 464 642 
1 464 642 
30 462 
30 461 
30 460 1265 
30 459 1260 
30 458 1244 
30 457 1242 
30 450 
30 449 
30 448 1210 
30 447 1209 
30 446 1204 
30 443 1187 
29 443 1187 
24 443 1187 
23 443 1187 
33 439 440 1173 
32 439 440 1173 
4 31 438 440 1173 
30 439 440 1173 
4 28 438 440 1173 
27 440 1173 
4 26 438 440 1168 1173 1271 
22 439 440 1173 
21 439 440 1173 
30 436 1270 
30 435 1269 
30 434 1268 
30 433 
30 432 
30 431 1265 
30 430 1263 
30 429 1262 
30 428 1261 
30 427 1260 
30 426 1244 
30 425 1242 
38 424 1240 1271 
30 424 1240 
25 424 1240 1271 
30 422 1213 
30 421 
30 420 
30 419 1206 
30 418 1204 
30 417 1187 
29 417 1187 
24 417 1187 
23 417 1187 
33 416 1173 
32 416 1173 
4 31 416 1173 
30 416 1173 
4 28 416 1173 
27 416 1173 
4 26 416 1168 1173 1271 
22 416 1173 
21 416 1173 
4 416 1173 
30 415 1270 
30 414 1269 
30 413 1268 
30 412 
30 411 
30 410 1265 
30 409 1263 
30 408 1262 
30 407 1261 
30 406 1260 
30 405 1244 
30 404 1242 
38 403 1240 1271 
30 403 1240 
25 403 1240 1271 
30 401 1213 
30 400 
30 399 
30 398 1206 
30 397 1204 
30 396 1187 
29 396 1187 
24 396 1187 
23 396 1187 
33 395 1173 
32 395 1173 
4 31 395 1173 
30 395 1173 
4 28 395 1173 
27 395 1173 
4 26 395 1168 1173 1271 
22 395 1173 
21 395 1173 
4 395 1173 
30 394 1270 
30 393 1269 
30 392 1268 
30 391 
30 390 
30 389 1265 
30 388 1263 
30 387 1262 
30 386 1261 
30 385 1260 
30 384 1244 
30 383 1242 
38 382 1240 1271 
30 382 1240 
25 382 1240 1271 
30 380 1213 
30 379 
30 378 
30 377 1206 
30 376 1204 
30 375 1187 
29 375 1187 
24 375 1187 
23 375 1187 
33 374 1173 
32 374 1173 
4 31 374 1173 
30 374 1173 
4 28 374 1173 
27 374 1173 
4 26 374 1168 1173 1271 
22 374 1173 
21 374 1173 
4 374 1173 
369 373 
368 373 
359 373 
358 373 
38 362 373 1240 1271 
33 373 1173 
32 373 1173 
4 31 373 1173 
30 373 
29 373 1187 
4 28 373 1173 
27 373 1173 
4 26 373 1168 1173 1271 
25 362 373 1240 1271 
24 373 1187 
23 373 1187 
22 373 1173 
21 373 1173 
4 373 
1 373 
30 372 373 1270 
30 371 373 1269 
30 370 373 1268 
30 369 373 
30 368 373 
30 367 373 1263 
30 366 373 1262 
30 365 373 1261 
30 364 373 1244 
30 363 373 1242 
30 362 373 1240 
30 360 373 1213 
30 359 373 
30 358 373 
30 357 373 1206 
30 356 373 1204 
30 348 1204 
30 347 1187 
29 347 1187 
24 347 1187 
23 347 1187 
33 346 1173 
32 346 1173 
4 31 346 1173 
30 346 1173 
4 28 346 1173 
27 346 1173 
4 26 346 1168 1173 1271 
22 346 1173 
21 346 1173 
4 346 1173 
30 338 1204 
30 337 1187 
29 337 1187 
24 337 1187 
23 337 1187 
33 336 1173 
32 336 1173 
4 31 336 1173 
30 336 1173 
4 28 336 1173 
27 336 1173 
4 26 336 1168 1173 1271 
22 336 1173 
21 336 1173 
4 336 1173 
30 328 1204 
30 327 1187 
29 327 1187 
24 327 1187 
23 327 1187 
33 326 1173 
32 326 1173 
4 31 326 1173 
30 326 1173 
4 28 326 1173 
27 326 1173 
4 26 326 1168 1173 1271 
22 326 1173 
21 326 1173 
4 326 1173 
16 30 325 1240 
16 30 324 1240 
16 30 323 1240 
16 30 322 1240 
16 296 321 1223 1240 
16 295 321 1222 1240 
16 221 321 1240 
16 203 221 321 1223 1240 
16 202 221 321 1222 1240 
16 296 320 1223 1240 
16 295 320 1222 1240 
16 221 320 1240 
16 203 221 320 1223 1240 
16 202 221 320 1222 1240 
16 298 319 1240 1271 
16 205 221 319 1240 1271 
16 296 317 1223 1240 
16 295 317 1222 1240 
16 221 317 1240 
16 203 221 317 1223 1240 
16 202 221 317 1222 1240 
16 30 314 1204 
16 30 313 1270 
16 30 312 1269 
16 30 311 1268 
16 30 310 
16 310 
16 30 308 
16 308 
16 30 306 1265 
16 30 304 1263 
16 30 303 1262 
16 30 302 1261 
16 30 301 1260 
16 30 300 1244 
16 30 299 1242 
16 38 298 1240 1271 
16 25 298 1240 1271 
16 30 284 1213 
16 30 283 
16 283 
16 30 281 
16 281 
16 30 279 1210 
16 30 277 1209 
16 30 275 
16 275 
16 30 273 
16 273 
16 30 271 1206 
16 30 267 314 1204 
16 30 265 267 314 1204 
16 30 262 267 314 1204 
16 30 261 267 314 1204 
16 30 259 267 314 1204 
16 30 258 1187 
16 29 258 1187 
16 24 258 1187 
16 23 258 1187 
16 224 246 1173 
16 224 245 1173 
16 224 244 1173 
4 16 26 239 1168 1173 1271 
16 222 237 1173 
16 30 237 1173 
16 222 236 1173 
16 30 236 1173 
16 222 235 1173 
16 30 235 1173 
16 222 234 1173 
16 30 234 1173 
16 30 233 1161 1173 
16 30 232 1160 1173 
16 30 231 1159 1173 
16 30 230 1158 1173 
16 224 229 1173 
16 224 227 1173 
16 224 226 1173 
16 223 224 1173 
16 222 224 1173 
16 30 224 1173 
16 22 224 1173 
16 21 224 1173 
16 33 222 1173 
16 32 222 1173 
16 217 221 
16 215 221 
16 190 221 
16 188 221 
16 182 221 
16 180 221 
16 38 205 221 1240 1271 
16 33 221 1173 
16 32 221 1173 
4 16 31 221 1173 
16 30 221 
16 29 165 221 1187 
4 16 28 221 1173 
16 27 221 1173 
4 16 26 146 221 1168 1173 1271 
16 25 205 221 1240 1271 
16 24 165 221 1187 
16 23 165 221 1187 
16 22 221 1173 
16 21 221 1173 
16 221 
4 16 221 
1 16 221 
16 30 220 221 1270 
16 30 219 221 1269 
16 30 218 221 1268 
16 30 217 221 
16 30 215 221 
16 30 213 221 1265 
16 30 211 221 1263 
16 30 210 221 1262 
16 30 209 221 1261 
16 30 208 221 1260 
16 30 207 221 1244 
16 30 206 221 1242 
16 30 191 221 1213 
16 30 190 221 
16 30 188 221 
16 30 186 221 1210 
16 30 184 221 1209 
16 30 182 221 
16 30 180 221 
16 30 178 221 1206 
16 30 174 221 314 1204 
16 30 172 174 221 314 1204 
16 30 169 174 221 314 1204 
16 30 168 174 221 314 1204 
16 30 166 174 221 314 1204 
16 30 165 221 1187 
16 131 153 221 1173 
16 131 152 221 1173 
16 131 151 221 1173 
16 129 144 221 1173 
16 30 144 221 1173 
16 129 143 221 1173 
16 30 143 221 1173 
16 129 142 221 1173 
16 30 142 221 1173 
16 129 141 221 1173 
16 30 141 221 1173 
16 30 140 221 1161 1173 
16 30 139 221 1160 1173 
16 30 138 221 1159 1173 
16 30 137 221 1158 1173 
16 131 136 221 1173 
16 131 134 221 1173 
16 131 133 221 1173 
16 130 131 221 1173 
16 129 131 221 1173 
16 30 131 221 1173 
16 22 131 221 1173 
16 21 131 221 1173 
16 33 129 221 1173 
16 32 129 221 1173 
105 128 
104 128 
103 128 
38 128 1240 1271 
33 101 128 1173 
32 101 128 1173 
4 31 101 128 1173 
30 128 
29 100 128 1187 
4 28 101 128 1173 
27 101 128 1173 
4 26 101 128 1168 1173 1271 
25 128 1240 1271 
24 100 128 1187 
23 100 128 1187 
22 101 128 1173 
21 101 128 1173 
4 128 
1 128 
30 127 128 1263 
125 126 128 1240 
115 116 128 1240 
114 116 128 1240 
113 116 128 1240 
112 116 128 1240 
111 116 128 1240 
30 105 128 
30 104 128 
30 103 128 
30 102 128 1206 
30 101 128 1173 
4 101 128 1173 
30 100 128 1187 
78 99 
77 99 
76 99 
38 99 1240 1271 
33 74 99 1173 
32 74 99 1173 
4 31 74 99 1173 
30 99 
29 99 1187 
4 28 74 99 1173 
27 74 99 1173 
4 26 74 99 1168 1173 1271 
25 99 1240 1271 
24 99 1187 
23 99 1187 
22 74 99 1173 
21 74 99 1173 
4 99 
1 99 
30 98 99 1263 
30 78 99 
30 77 99 
30 76 99 
30 75 99 1206 
30 74 99 1173 
4 74 99 1173 
30 73 99 1204 
71 72 
44 72 
43 72 
42 72 
38 72 1240 1271 
33 72 1173 
32 72 1173 
4 31 72 1173 
30 72 
29 40 72 1187 
4 28 72 1173 
27 72 1173 
4 26 72 1168 1173 1271 
25 72 1240 1271 
24 40 72 1187 
23 40 72 1187 
22 72 1173 
21 72 1173 
4 72 
1 72 
69 71 72 1240 
68 71 72 1240 
67 71 72 1240 
66 71 72 1240 
65 71 72 1240 
64 71 72 1240 
63 71 72 1240 1271 
61 71 72 1240 
60 71 72 1240 
59 71 72 1240 
58 71 72 1240 
57 71 72 1240 
56 71 72 1240 
55 71 72 1240 
54 71 72 1240 
53 71 72 1240 
52 71 72 1240 
51 71 72 1240 
48 71 72 1240 
44 71 72 
43 71 72 
42 71 72 
38 71 72 1240 1271 
33 71 72 1173 
32 71 72 1173 
4 31 71 72 1173 
30 71 72 
29 40 71 72 1187 
4 28 71 72 1173 
27 71 72 1173 
4 26 71 72 1168 1173 1271 
25 71 72 1240 1271 
24 40 71 72 1187 
23 40 71 72 1187 
22 71 72 1173 
21 71 72 1173 
4 71 72 
1 71 72 
30 70 72 1263 
30 49 72 1240 
30 44 72 
30 43 72 
30 42 72 
30 41 72 1204 
30 40 72 1187 
30 39 710 1260 
16 38 1240 1271 
5 38 1240 1271 
3 38 1240 1271 
2 38 1240 1271 
30 37 1260 
30 36 1260 
30 35 1260 
30 34 1260 
30 33 1173 
16 33 1173 
5 33 1173 
3 33 1173 
2 33 1173 
30 32 1173 
16 32 1173 
5 32 1173 
3 32 1173 
2 32 1173 
4 16 31 1173 
4 5 31 1173 
3 4 31 1173 
2 4 31 1173 
29 30 1187 
24 30 1187 
16 30 
5 30 
3 30 
2 30 
1 30 
16 29 1187 
5 29 1187 
3 29 1187 
2 29 1187 
4 16 28 1173 
4 5 28 1173 
3 4 28 1173 
2 4 28 1173 
16 27 1173 
5 27 1173 
3 27 1173 
2 27 1173 
4 16 26 1168 1173 1271 
4 5 26 1168 1173 1271 
3 4 26 1168 1173 1271 
2 4 26 1168 1173 1271 
16 25 1240 1271 
5 25 1240 1271 
3 25 1240 1271 
2 25 1240 1271 
23 24 1187 
16 24 1187 
5 24 1187 
3 24 1187 
2 24 1187 
16 23 1187 
5 23 1187 
3 23 1187 
2 23 1187 
16 22 1173 
5 22 1173 
3 22 1173 
2 22 1173 
16 21 1173 
5 21 1173 
3 21 1173 
2 21 1173 
4 16 
1 16 
4 5 
1 5 
3 4 
2 4 
1 3 
1 2 
1 2 30 
1 2 863 
1 2 1271 
1 3 30 
1 3 863 
1 3 1271 
2 4 1173 
2 4 1271 
3 4 1173 
3 4 1271 
1 5 30 
1 5 863 
1 5 1271 
4 5 1173 
4 5 1271 
1 16 30 
1 16 30 221 
1 16 863 
1 16 221 863 
1 16 1271 
1 16 221 1271 
4 16 1173 
4 16 221 1173 
4 16 1271 
4 16 221 1271 
2 23 24 1187 
3 23 24 1187 
5 23 24 1187 
16 23 24 1187 
16 23 24 165 221 1187 
16 23 24 258 1187 
2 24 30 1187 
2 24 863 1187 
3 24 30 1187 
3 24 863 1187 
5 24 30 1187 
5 24 863 1187 
16 24 30 1187 
16 24 30 165 221 1187 
16 24 30 258 1187 
16 24 863 1187 
16 24 165 221 863 1187 
16 24 258 863 1187 
23 24 40 71 72 1187 
23 24 40 72 1187 
23 24 99 1187 
23 24 100 128 1187 
23 24 327 1187 
23 24 337 1187 
23 24 347 1187 
23 24 373 1187 
23 24 375 1187 
23 24 396 1187 
23 24 417 1187 
23 24 443 1187 
23 24 642 1187 
23 24 662 1187 
23 24 710 1187 
23 24 804 809 1187 
2 29 30 1187 
2 29 863 1187 
3 29 30 1187 
3 29 863 1187 
5 29 30 1187 
5 29 863 1187 
16 29 30 1187 
16 29 30 165 221 1187 
16 29 30 258 1187 
16 29 863 1187 
16 29 165 221 863 1187 
16 29 258 863 1187 
1 30 71 72 
1 30 72 
1 30 99 
1 30 128 
1 30 373 
1 30 642 
1 30 662 
1 30 710 
1 30 809 
2 30 32 1173 
2 30 33 1173 
2 30 1158 1173 
2 30 1159 1173 
2 30 1160 1173 
2 30 1161 1173 
2 30 1173 
2 30 1187 
2 30 1204 
2 30 1206 
2 30 1209 
2 30 1210 
2 30 1213 
2 30 1240 
2 30 1242 
2 30 1244 
2 30 1260 
2 30 1261 
2 30 1262 
2 30 1263 
2 30 1265 
2 30 1268 
2 30 1269 
2 30 1270 
3 30 32 1173 
3 30 33 1173 
3 30 655 1204 
3 30 1158 1173 
3 30 1159 1173 
3 30 1160 1173 
3 30 1161 1173 
3 30 1173 
3 30 1187 
3 30 1206 
3 30 1209 
3 30 1210 
3 30 1213 
3 30 1240 
3 30 1242 
3 30 1244 
3 30 1260 
3 30 1261 
3 30 1262 
3 30 1263 
3 30 1265 
3 30 1268 
3 30 1269 
3 30 1270 
5 30 32 1173 
5 30 33 1173 
5 30 1158 1173 
5 30 1159 1173 
5 30 1160 1173 
5 30 1161 1173 
5 30 1173 
5 30 1187 
5 30 1204 
5 30 1206 
5 30 1209 
5 30 1210 
5 30 1213 
5 30 1240 
5 30 1242 
5 30 1244 
5 30 1260 
5 30 1261 
5 30 1262 
5 30 1263 
5 30 1265 
5 30 1268 
5 30 1269 
5 30 1270 
16 30 32 1173 
16 30 33 1173 
16 30 32 221 1173 
16 30 33 221 1173 
16 30 1158 1173 
16 30 1159 1173 
16 30 1160 1173 
16 30 1161 1173 
16 30 1173 
16 30 221 1173 
16 30 1187 
16 30 1206 
16 30 1209 
16 30 1210 
16 30 1213 
16 30 1240 
16 30 221 1240 
16 30 1242 
16 30 1244 
16 30 1260 
16 30 1261 
16 30 1262 
16 30 1263 
16 30 1265 
16 30 1268 
16 30 1269 
16 30 1270 
24 30 40 72 1187 
24 30 40 71 72 1187 
24 30 99 1187 
24 30 100 128 1187 
24 30 327 1187 
24 30 337 1187 
24 30 347 1187 
24 30 373 1187 
24 30 375 1187 
24 30 396 1187 
24 30 417 1187 
24 30 443 1187 
24 30 642 1187 
24 30 662 1187 
24 30 710 1187 
24 30 804 809 1187 
29 30 40 72 1187 
29 30 40 71 72 1187 
29 30 99 1187 
29 30 100 128 1187 
29 30 327 1187 
29 30 337 1187 
29 30 347 1187 
29 30 373 1187 
29 30 375 1187 
29 30 396 1187 
29 30 417 1187 
29 30 443 1187 
29 30 642 1187 
29 30 662 1187 
29 30 710 1187 
29 30 804 809 1187 
2 32 863 1173 
3 32 863 1173 
5 32 863 1173 
16 32 863 1173 
16 32 221 863 1173 
30 32 71 72 1173 
30 32 72 1173 
30 32 74 99 1173 
30 32 101 128 1173 
30 32 326 1173 
30 32 336 1173 
30 32 346 1173 
30 32 373 1173 
30 32 374 1173 
30 32 395 1173 
30 32 416 1173 
30 32 439 440 1173 
30 32 642 1173 
30 32 643 1173 
30 32 649 1173 
30 32 662 1173 
30 32 666 1173 
30 32 677 1173 
30 32 710 1173 
30 32 712 1173 
30 32 735 1173 
30 32 758 1173 
30 32 780 1173 
30 32 809 1173 
30 32 811 1173 
30 32 830 1173 
30 32 1157 1173 
2 33 863 1173 
3 33 863 1173 
5 33 863 1173 
16 33 863 1173 
16 33 221 863 1173 
30 33 71 72 1173 
30 33 72 1173 
30 33 74 99 1173 
30 33 101 128 1173 
30 33 326 1173 
30 33 336 1173 
30 33 346 1173 
30 33 373 1173 
30 33 374 1173 
30 33 395 1173 
30 33 416 1173 
30 33 439 440 1173 
30 33 642 1173 
30 33 643 1173 
30 33 649 1173 
30 33 662 1173 
30 33 666 1173 
30 33 677 1173 
30 33 710 1173 
30 33 712 1173 
30 33 735 1173 
30 33 758 1173 
30 33 780 1173 
30 33 809 1173 
30 33 811 1173 
30 33 830 1173 
30 33 1157 1173 
30 40 71 72 1187 
30 41 71 72 1204 
30 42 71 72 
30 43 71 72 
30 44 71 72 
1 71 72 863 
1 71 72 1271 
4 71 72 1173 
4 71 72 1271 
24 40 71 72 863 1187 
29 40 71 72 863 1187 
30 71 72 1158 1173 
30 71 72 1159 1173 
30 71 72 1160 1173 
30 71 72 1161 1173 
30 71 72 1173 
30 71 72 1206 
30 71 72 1209 
30 71 72 1210 
30 71 72 1213 
30 71 72 1240 
30 71 72 1242 
30 71 72 1244 
30 71 72 1260 
30 71 72 1261 
30 71 72 1262 
30 71 72 1263 
30 71 72 1265 
30 71 72 1268 
30 71 72 1269 
30 71 72 1270 
32 71 72 863 1173 
33 71 72 863 1173 
42 71 72 863 
42 71 72 1271 
43 71 72 863 
43 71 72 1271 
44 71 72 863 
44 71 72 1271 
61 71 72 1222 1240 
61 71 72 1223 1240 
63 71 72 1222 1240 1271 
63 71 72 1223 1240 1271 
64 71 72 1222 1240 
64 71 72 1223 1240 
65 71 72 1222 1240 
65 71 72 1223 1240 
1 72 863 
1 72 1271 
4 72 1173 
4 72 1271 
24 40 72 863 1187 
29 40 72 863 1187 
30 72 1158 1173 
30 72 1159 1173 
30 72 1160 1173 
30 72 1161 1173 
30 72 1173 
30 72 1206 
30 72 1209 
30 72 1210 
30 72 1213 
30 72 1240 
30 72 1242 
30 72 1244 
30 72 1260 
30 72 1261 
30 72 1262 
30 72 1263 
30 72 1265 
30 72 1268 
30 72 1269 
30 72 1270 
32 72 863 1173 
33 72 863 1173 
40 71 72 863 1187 
41 71 72 863 1204 
71 72 863 1158 1173 
71 72 863 1159 1173 
71 72 863 1160 1173 
71 72 863 1161 1173 
71 72 863 1173 
71 72 863 1206 
71 72 863 1209 
71 72 863 1210 
71 72 863 1213 
45 71 72 1214 1215 1240 1271 
62 71 72 1221 1222 1240 
62 71 72 1221 1223 1240 
71 72 863 1240 
71 72 863 1242 
71 72 863 1244 
71 72 863 1260 
71 72 863 1261 
71 72 863 1262 
71 72 863 1263 
71 72 863 1265 
71 72 863 1268 
71 72 863 1269 
71 72 863 1270 
71 72 1206 1271 
71 72 1209 1271 
71 72 1210 1271 
71 72 1211 1271 
71 72 1212 1271 
71 72 1213 1271 
71 72 1240 1271 
71 72 1242 1271 
71 72 1244 1271 
71 72 1260 1271 
71 72 1261 1271 
71 72 1262 1271 
71 72 1263 1271 
71 72 1268 1271 
71 72 1269 1271 
71 72 1270 1271 
30 74 99 1158 1173 
30 74 99 1159 1173 
30 74 99 1160 1173 
30 74 99 1161 1173 
1 99 863 
1 99 1271 
4 99 1271 
24 99 863 1187 
29 99 863 1187 
30 99 1187 
30 99 1209 
30 99 1210 
30 99 1213 
30 99 1240 
30 99 1242 
30 99 1244 
30 99 1260 
30 99 1261 
30 99 1262 
30 99 1265 
30 99 1268 
30 99 1269 
30 99 1270 
32 74 99 863 1173 
33 74 99 863 1173 
30 101 128 1158 1173 
30 101 128 1159 1173 
30 101 128 1160 1173 
30 101 128 1161 1173 
1 128 863 
1 128 1271 
4 128 1271 
24 100 128 863 1187 
29 100 128 863 1187 
30 128 1204 
30 128 1209 
30 128 1210 
30 128 1213 
30 128 1240 
30 128 1242 
30 128 1244 
30 128 1260 
30 128 1261 
30 128 1262 
30 128 1265 
30 128 1268 
30 128 1269 
30 128 1270 
32 101 128 863 1173 
33 101 128 863 1173 
16 130 131 221 863 1173 
16 131 136 221 863 1173 
16 221 863 1173 
16 221 863 1240 
16 223 224 863 1173 
16 224 229 863 1173 
30 326 1158 1173 
30 326 1159 1173 
30 326 1160 1173 
30 326 1161 1173 
32 326 863 1173 
33 326 863 1173 
24 327 863 1187 
29 327 863 1187 
30 336 1158 1173 
30 336 1159 1173 
30 336 1160 1173 
30 336 1161 1173 
32 336 863 1173 
33 336 863 1173 
24 337 863 1187 
29 337 863 1187 
30 346 1158 1173 
30 346 1159 1173 
30 346 1160 1173 
30 346 1161 1173 
32 346 863 1173 
33 346 863 1173 
24 347 863 1187 
29 347 863 1187 
1 373 863 
1 373 1271 
4 373 1173 
4 373 1271 
24 373 863 1187 
29 373 863 1187 
30 373 1158 1173 
30 373 1159 1173 
30 373 1160 1173 
30 373 1161 1173 
30 373 1173 
30 373 1187 
30 373 1209 
30 373 1210 
30 373 1260 
30 373 1265 
32 373 863 1173 
33 373 863 1173 
30 374 1158 1173 
30 374 1159 1173 
30 374 1160 1173 
30 374 1161 1173 
32 374 863 1173 
33 374 863 1173 
24 375 863 1187 
29 375 863 1187 
30 395 1158 1173 
30 395 1159 1173 
30 395 1160 1173 
30 395 1161 1173 
32 395 863 1173 
33 395 863 1173 
24 396 863 1187 
29 396 863 1187 
30 416 1158 1173 
30 416 1159 1173 
30 416 1160 1173 
30 416 1161 1173 
32 416 863 1173 
33 416 863 1173 
24 417 863 1187 
29 417 863 1187 
30 439 440 1158 1173 
30 439 440 1159 1173 
30 439 440 1160 1173 
30 439 440 1161 1173 
32 439 440 863 1173 
33 439 440 863 1173 
24 443 863 1187 
29 443 863 1187 
1 642 863 
1 642 1271 
4 642 1173 
4 642 1271 
24 642 863 1187 
29 642 863 1187 
30 642 1158 1173 
30 642 1159 1173 
30 642 1160 1173 
30 642 1161 1173 
30 642 1173 
30 642 1187 
30 642 1204 
30 642 1206 
30 642 1213 
30 642 1240 
30 642 1242 
30 642 1244 
30 642 1260 
30 642 1261 
30 642 1262 
30 642 1263 
30 642 1268 
30 642 1269 
30 642 1270 
32 642 863 1173 
33 642 863 1173 
30 643 1158 1173 
30 643 1159 1173 
30 643 1160 1173 
30 643 1161 1173 
32 643 863 1173 
33 643 863 1173 
30 649 1158 1173 
30 649 1159 1173 
30 649 1160 1173 
30 649 1161 1173 
32 649 863 1173 
33 649 863 1173 
3 656 863 1240 
1 662 863 
1 662 1271 
4 662 1173 
4 662 1271 
24 662 863 1187 
29 662 863 1187 
30 662 1158 1173 
30 662 1159 1173 
30 662 1160 1173 
30 662 1161 1173 
30 662 1173 
30 662 1187 
30 662 1204 
30 662 1206 
30 662 1209 
30 662 1210 
30 662 1213 
30 662 1240 
30 662 1242 
30 662 1244 
30 662 1260 
30 662 1261 
30 662 1262 
30 662 1263 
30 662 1265 
30 662 1268 
30 662 1269 
30 662 1270 
32 662 863 1173 
33 662 863 1173 
30 666 1158 1173 
30 666 1159 1173 
30 666 1160 1173 
30 666 1161 1173 
32 666 863 1173 
33 666 863 1173 
30 677 1158 1173 
30 677 1159 1173 
30 677 1160 1173 
30 677 1161 1173 
32 677 863 1173 
33 677 863 1173 
1 710 863 
1 710 1271 
4 710 1173 
4 710 1271 
24 710 863 1187 
29 710 863 1187 
30 710 1158 1173 
30 710 1159 1173 
30 710 1160 1173 
30 710 1161 1173 
30 710 1173 
30 710 1187 
30 710 1204 
30 710 1206 
30 710 1213 
30 710 1240 
30 710 1260 
30 710 1261 
30 710 1262 
30 710 1263 
30 710 1268 
30 710 1269 
30 710 1270 
32 710 863 1173 
33 710 863 1173 
30 712 1158 1173 
30 712 1159 1173 
30 712 1160 1173 
30 712 1161 1173 
32 712 863 1173 
33 712 863 1173 
30 735 1158 1173 
30 735 1159 1173 
30 735 1160 1173 
30 735 1161 1173 
32 735 863 1173 
33 735 863 1173 
30 758 1158 1173 
30 758 1159 1173 
30 758 1160 1173 
30 758 1161 1173 
32 758 863 1173 
33 758 863 1173 
30 780 1158 1173 
30 780 1159 1173 
30 780 1160 1173 
30 780 1161 1173 
32 780 863 1173 
33 780 863 1173 
1 809 863 
1 809 1271 
4 809 1173 
4 809 1271 
24 804 809 863 1187 
29 804 809 863 1187 
30 809 1158 1173 
30 809 1159 1173 
30 809 1160 1173 
30 809 1161 1173 
30 809 1173 
30 809 1206 
30 809 1209 
30 809 1210 
30 809 1213 
30 809 1242 
30 809 1244 
30 809 1260 
30 809 1261 
30 809 1262 
30 809 1263 
30 809 1268 
30 809 1269 
30 809 1270 
32 809 863 1173 
33 809 863 1173 
30 811 1158 1173 
30 811 1159 1173 
30 811 1160 1173 
30 811 1161 1173 
32 811 863 1173 
33 811 863 1173 
30 830 1158 1173 
30 830 1159 1173 
30 830 1160 1173 
30 830 1161 1173 
32 830 863 1173 
33 830 863 1173 
2 863 1158 1173 
2 863 1159 1173 
2 863 1160 1173 
2 863 1161 1173 
2 863 1173 
2 863 1187 
2 863 1204 
2 863 1206 
2 863 1209 
2 863 1210 
2 863 1213 
2 863 1240 
2 863 1242 
2 863 1244 
2 863 1260 
2 863 1261 
2 863 1262 
2 863 1263 
2 863 1265 
2 863 1268 
2 863 1269 
2 863 1270 
3 655 863 1204 
3 863 1158 1173 
3 863 1159 1173 
3 863 1160 1173 
3 863 1161 1173 
3 863 1173 
3 863 1187 
3 863 1206 
3 863 1209 
3 863 1210 
3 863 1213 
3 863 1240 
3 863 1242 
3 863 1244 
3 863 1260 
3 863 1261 
3 863 1262 
3 863 1263 
3 863 1265 
3 863 1268 
3 863 1269 
3 863 1270 
5 863 1158 1173 
5 863 1159 1173 
5 863 1160 1173 
5 863 1161 1173 
5 863 1173 
5 863 1187 
5 863 1204 
5 863 1206 
5 863 1209 
5 863 1210 
5 863 1213 
5 863 1240 
5 863 1242 
5 863 1244 
5 863 1260 
5 863 1261 
5 863 1262 
5 863 1263 
5 863 1265 
5 863 1268 
5 863 1269 
5 863 1270 
16 863 1158 1173 
16 863 1159 1173 
16 863 1160 1173 
16 863 1161 1173 
16 863 1173 
16 863 1187 
16 863 1206 
16 863 1209 
16 863 1210 
16 863 1213 
16 863 1240 
16 863 1242 
16 863 1244 
16 863 1260 
16 863 1261 
16 863 1262 
16 863 1263 
16 863 1265 
16 863 1268 
16 863 1269 
16 863 1270 
32 863 1157 1173 
32 863 1166 1173 
33 863 1157 1173 
33 863 1166 1173 
72 863 1158 1173 
72 863 1159 1173 
72 863 1160 1173 
72 863 1161 1173 
72 863 1173 
72 863 1206 
72 863 1209 
72 863 1210 
72 863 1213 
72 863 1240 
72 863 1242 
72 863 1244 
72 863 1260 
72 863 1261 
72 863 1262 
72 863 1263 
72 863 1265 
72 863 1268 
72 863 1269 
72 863 1270 
74 99 863 1158 1173 
74 99 863 1159 1173 
74 99 863 1160 1173 
74 99 863 1161 1173 
99 863 1187 
99 863 1209 
99 863 1210 
99 863 1213 
99 863 1240 
99 863 1242 
99 863 1244 
99 863 1260 
99 863 1261 
99 863 1262 
99 863 1265 
99 863 1268 
99 863 1269 
99 863 1270 
101 128 863 1158 1173 
101 128 863 1159 1173 
101 128 863 1160 1173 
101 128 863 1161 1173 
128 863 1204 
128 863 1209 
128 863 1210 
128 863 1213 
128 863 1240 
128 863 1242 
128 863 1244 
128 863 1260 
128 863 1261 
128 863 1262 
128 863 1265 
128 863 1268 
128 863 1269 
128 863 1270 
326 863 1158 1173 
326 863 1159 1173 
326 863 1160 1173 
326 863 1161 1173 
336 863 1158 1173 
336 863 1159 1173 
336 863 1160 1173 
336 863 1161 1173 
346 863 1158 1173 
346 863 1159 1173 
346 863 1160 1173 
346 863 1161 1173 
373 863 1158 1173 
373 863 1159 1173 
373 863 1160 1173 
373 863 1161 1173 
373 863 1173 
373 863 1187 
373 863 1209 
373 863 1210 
373 863 1260 
373 863 1265 
374 863 1158 1173 
374 863 1159 1173 
374 863 1160 1173 
374 863 1161 1173 
395 863 1158 1173 
395 863 1159 1173 
395 863 1160 1173 
395 863 1161 1173 
416 863 1158 1173 
416 863 1159 1173 
416 863 1160 1173 
416 863 1161 1173 
439 440 863 1158 1173 
439 440 863 1159 1173 
439 440 863 1160 1173 
439 440 863 1161 1173 
642 863 1158 1173 
642 863 1159 1173 
642 863 1160 1173 
642 863 1161 1173 
642 863 1173 
642 863 1187 
642 863 1204 
642 863 1206 
642 863 1213 
642 863 1240 
642 863 1242 
642 863 1244 
642 863 1260 
642 863 1261 
642 863 1262 
642 863 1263 
642 863 1268 
642 863 1269 
642 863 1270 
643 863 1158 1173 
643 863 1159 1173 
643 863 1160 1173 
643 863 1161 1173 
649 863 1158 1173 
649 863 1159 1173 
649 863 1160 1173 
649 863 1161 1173 
662 863 1158 1173 
662 863 1159 1173 
662 863 1160 1173 
662 863 1161 1173 
662 863 1173 
662 863 1187 
662 863 1204 
662 863 1206 
662 863 1209 
662 863 1210 
662 863 1213 
662 863 1240 
662 863 1242 
662 863 1244 
662 863 1260 
662 863 1261 
662 863 1262 
662 863 1263 
662 863 1265 
662 863 1268 
662 863 1269 
662 863 1270 
666 863 1158 1173 
666 863 1159 1173 
666 863 1160 1173 
666 863 1161 1173 
677 863 1158 1173 
677 863 1159 1173 
677 863 1160 1173 
677 863 1161 1173 
710 863 1158 1173 
710 863 1159 1173 
710 863 1160 1173 
710 863 1161 1173 
710 863 1173 
710 863 1187 
710 863 1204 
710 863 1206 
710 863 1213 
710 863 1240 
710 863 1260 
710 863 1261 
710 863 1262 
710 863 1263 
710 863 1268 
710 863 1269 
710 863 1270 
712 863 1158 1173 
712 863 1159 1173 
712 863 1160 1173 
712 863 1161 1173 
735 863 1158 1173 
735 863 1159 1173 
735 863 1160 1173 
735 863 1161 1173 
758 863 1158 1173 
758 863 1159 1173 
758 863 1160 1173 
758 863 1161 1173 
780 863 1158 1173 
780 863 1159 1173 
780 863 1160 1173 
780 863 1161 1173 
809 863 1158 1173 
809 863 1159 1173 
809 863 1160 1173 
809 863 1161 1173 
809 863 1173 
809 863 1206 
809 863 1209 
809 863 1210 
809 863 1213 
809 863 1242 
809 863 1244 
809 863 1260 
809 863 1261 
809 863 1262 
809 863 1263 
809 863 1268 
809 863 1269 
809 863 1270 
811 863 1158 1173 
811 863 1159 1173 
811 863 1160 1173 
811 863 1161 1173 
830 863 1158 1173 
830 863 1159 1173 
830 863 1160 1173 
830 863 1161 1173 
30 1157 1158 1173 
30 1157 1159 1173 
30 1157 1160 1173 
30 1157 1161 1173 
863 1157 1158 1173 
863 1157 1159 1173 
863 1157 1160 1173 
863 1157 1161 1173 
863 1158 1166 1173 
863 1159 1166 1173 
863 1160 1166 1173 
863 1161 1166 1173 
2 1206 1271 
3 1206 1271 
5 1206 1271 
16 1206 1271 
72 1206 1271 
642 1206 1271 
662 1206 1271 
710 1206 1271 
809 1206 1271 
2 1209 1271 
3 1209 1271 
5 1209 1271 
16 1209 1271 
72 1209 1271 
99 1209 1271 
128 1209 1271 
373 1209 1271 
662 1209 1271 
809 1209 1271 
2 1210 1271 
3 1210 1271 
5 1210 1271 
16 1210 1271 
72 1210 1271 
99 1210 1271 
128 1210 1271 
373 1210 1271 
662 1210 1271 
809 1210 1271 
2 1211 1271 
3 1211 1271 
5 1211 1271 
16 1211 1271 
72 1211 1271 
99 1211 1271 
128 1211 1271 
373 1211 1271 
662 1211 1271 
809 1211 1271 
2 1212 1271 
3 1212 1271 
5 1212 1271 
16 1212 1271 
72 1212 1271 
99 1212 1271 
128 1212 1271 
373 1212 1271 
662 1212 1271 
809 1212 1271 
2 1213 1271 
3 1213 1271 
5 1213 1271 
16 1213 1271 
72 1213 1271 
99 1213 1271 
128 1213 1271 
642 1213 1271 
662 1213 1271 
710 1213 1271 
809 1213 1271 
2 1214 1215 1240 1271 
3 1214 1215 1240 1271 
5 1214 1215 1240 1271 
362 373 1214 1215 1240 1271 
382 1214 1215 1240 1271 
403 1214 1215 1240 1271 
424 1214 1215 1240 1271 
642 1214 1215 1240 1271 
648 1214 1215 1240 1271 
654 1214 1215 1240 1271 
662 1214 1215 1240 1271 
674 1214 1215 1240 1271 
687 1214 1215 1240 1271 
710 1214 1215 1240 1271 
790 1214 1215 1240 1271 
808 809 1214 1215 1240 1271 
2 1221 1222 1240 
2 1221 1223 1240 
3 1221 1222 1240 
3 1221 1223 1240 
5 1221 1222 1240 
5 1221 1223 1240 
362 373 1221 1222 1240 
362 373 1221 1223 1240 
382 1221 1222 1240 
382 1221 1223 1240 
403 1221 1222 1240 
403 1221 1223 1240 
424 1221 1222 1240 
424 1221 1223 1240 
642 1221 1222 1240 
642 1221 1223 1240 
648 1221 1222 1240 
648 1221 1223 1240 
654 1221 1222 1240 
654 1221 1223 1240 
662 1221 1222 1240 
662 1221 1223 1240 
674 1221 1222 1240 
674 1221 1223 1240 
687 1221 1222 1240 
687 1221 1223 1240 
710 1221 1222 1240 
710 1221 1223 1240 
790 1221 1222 1240 
790 1221 1223 1240 
808 809 1221 1222 1240 
808 809 1221 1223 1240 
2 1222 1240 1271 
3 1222 1240 1271 
5 1222 1240 1271 
362 373 1222 1240 1271 
382 1222 1240 1271 
403 1222 1240 1271 
424 1222 1240 1271 
642 1222 1240 1271 
648 1222 1240 1271 
654 1222 1240 1271 
662 1222 1240 1271 
674 1222 1240 1271 
687 1222 1240 1271 
710 1222 1240 1271 
790 1222 1240 1271 
2 1223 1240 1271 
3 1223 1240 1271 
5 1223 1240 1271 
362 373 1223 1240 1271 
382 1223 1240 1271 
403 1223 1240 1271 
424 1223 1240 1271 
642 1223 1240 1271 
648 1223 1240 1271 
654 1223 1240 1271 
662 1223 1240 1271 
674 1223 1240 1271 
687 1223 1240 1271 
710 1223 1240 1271 
790 1223 1240 1271 
2 1240 1271 
3 1240 1271 
5 1240 1271 
16 1240 1271 
72 1240 1271 
99 1240 1271 
128 1240 1271 
642 1240 1271 
662 1240 1271 
710 1240 1271 
2 1242 1271 
3 1242 1271 
5 1242 1271 
16 1242 1271 
72 1242 1271 
99 1242 1271 
128 1242 1271 
642 1242 1271 
662 1242 1271 
809 1242 1271 
2 1244 1271 
3 1244 1271 
5 1244 1271 
16 1244 1271 
72 1244 1271 
99 1244 1271 
128 1244 1271 
642 1244 1271 
662 1244 1271 
809 1244 1271 
2 1260 1271 
3 1260 1271 
5 1260 1271 
16 1260 1271 
72 1260 1271 
99 1260 1271 
128 1260 1271 
373 1260 1271 
642 1260 1271 
662 1260 1271 
710 1260 1271 
809 1260 1271 
2 1261 1271 
3 1261 1271 
5 1261 1271 
16 1261 1271 
72 1261 1271 
99 1261 1271 
128 1261 1271 
642 1261 1271 
662 1261 1271 
710 1261 1271 
809 1261 1271 
2 1262 1271 
3 1262 1271 
5 1262 1271 
16 1262 1271 
72 1262 1271 
99 1262 1271 
128 1262 1271 
642 1262 1271 
662 1262 1271 
710 1262 1271 
809 1262 1271 
2 1263 1271 
3 1263 1271 
5 1263 1271 
16 1263 1271 
72 1263 1271 
642 1263 1271 
662 1263 1271 
710 1263 1271 
809 1263 1271 
2 1268 1271 
3 1268 1271 
5 1268 1271 
16 1268 1271 
72 1268 1271 
99 1268 1271 
128 1268 1271 
642 1268 1271 
662 1268 1271 
710 1268 1271 
809 1268 1271 
2 1269 1271 
3 1269 1271 
5 1269 1271 
16 1269 1271 
72 1269 1271 
99 1269 1271 
128 1269 1271 
642 1269 1271 
662 1269 1271 
710 1269 1271 
809 1269 1271 
2 1270 1271 
3 1270 1271 
5 1270 1271 
16 1270 1271 
72 1270 1271 
99 1270 1271 
128 1270 1271 
642 1270 1271 
662 1270 1271 
710 1270 1271 
809 1270 1271 
