3
9
18
26
27
28
32
33
37
40
41
42
43
47
53
54
58
87
90
91
92
93
94
95
96
123
125
126
127
128
129
130
159
161
162
163
164
165
166
168
170
186
187
188
189
200
201
211
215
255
271
273
275
291
292
293
294
305
306
316
320
360
376
377
378
379
380
393
404
405
416
417
428
429
430
440
444
472
494
516
524
528
539
547
548
549
566
573
593
604
614
615
617
623
629
636
637
645
646
662
666
670
675
679
683
686
694
729
731
733
735
736
737
738
739
740
741
742
743
747
764
768
772
776
779
780
784
786
787
790
792
796
797
798
802
804
809
810
811
816
817
818
821
823
839
842
845
852
855
862
879
885
888
905
911
914
931
937
939
958
964
970
971
975
993
996
1014
1015
1018
1020
1022
1023
1024
1026
1028
1030
1031
1034
1036
1038
1039
1040
1042
1044
1046
1047
1053
1060
1067
1074
1081
1088
1095
1102
1109
1116
1123
1130
1137
1144
1151
1158
1165
1172
1179
1186
1193
1200
1207
1214
1221
1228
1235
1242
1249
1256
1263
1270
1277
1284
1291
1298
1305
1312
1319
1326
1333
1340
1347
1354
1361
1368
1375
1380
1381
1382
1383
1385
1386
1387
1389
1403
1404
1405
1406
1409
1410
1411
1412
1418
1422
1423
1424
1425
1429
1437
1443
1444
1445
1449
1463
1464
1466
1467
1468
1470
1472
1475
1477
1478
1480
1483
1485
1491
1496
1514
1543
1545
1550
