639 640 
638 639 
637 639 
636 639 
635 639 
634 639 
633 639 
632 639 
631 639 
630 639 
629 639 
628 639 
627 639 
626 639 
625 639 
624 639 
623 639 
622 639 
621 639 
620 639 
619 639 
618 639 
617 639 
616 639 
615 639 
614 639 
613 639 
612 639 
611 639 
610 639 
609 639 
608 639 
607 639 
606 639 
605 639 
604 639 
603 639 
602 639 
601 639 
600 639 
599 639 
598 639 
597 639 
596 639 
595 639 
594 639 
593 639 
592 639 
591 639 
590 639 
589 639 
588 639 
587 639 
586 639 
585 639 
584 639 
583 639 
582 639 
581 639 
580 639 
579 639 
578 639 
577 639 
576 639 
575 639 
574 639 
573 639 
572 639 
571 639 
570 639 
569 639 
568 639 
567 639 
566 639 
565 639 
564 639 
563 639 
562 639 
561 639 
560 639 
559 639 
558 639 
557 639 
556 639 
555 639 
554 639 
553 639 
552 639 
551 639 
550 639 
549 639 
548 639 
547 639 
546 639 
545 639 
544 639 
543 639 
542 639 
541 639 
540 639 
539 639 
538 639 
537 639 
536 639 
4 535 639 
4 534 639 
4 533 639 
4 532 639 
4 531 639 
4 530 639 
4 529 639 
4 528 639 
4 527 639 
4 526 639 
4 525 639 
4 524 639 
4 523 639 
4 522 639 
4 521 639 
4 520 639 
4 519 639 
4 518 639 
4 517 639 
4 516 639 
4 515 639 
4 514 639 
4 513 639 
4 512 639 
4 511 639 
4 510 639 
4 509 639 
508 639 
507 508 639 
506 639 
505 639 
504 639 
503 639 
502 639 
501 639 
500 639 
499 639 
498 639 
497 639 
496 639 
495 639 
494 639 
493 639 
492 639 
491 639 
490 639 
489 639 
488 639 
487 639 
486 639 
485 639 
484 639 
483 639 
482 639 
481 639 
480 639 
479 639 
478 479 639 
477 479 639 
474 476 639 
474 475 639 
474 639 
473 639 
472 473 639 
471 473 639 
468 470 639 
468 469 639 
468 639 
467 639 
466 639 
465 639 
464 639 
463 639 
462 639 
461 639 
460 639 
459 639 
458 639 
457 639 
456 639 
455 639 
454 639 
453 639 
452 639 
451 639 
450 639 
449 639 
448 639 
447 639 
446 639 
445 639 
444 639 
443 639 
442 639 
441 639 
440 639 
439 639 
438 639 
437 639 
436 639 
435 639 
434 639 
433 639 
432 639 
431 639 
430 639 
429 639 
428 639 
427 639 
426 639 
425 639 
424 639 
423 639 
422 639 
420 639 
419 639 
418 639 
417 639 
416 639 
415 639 
414 639 
413 639 
412 639 
411 639 
410 639 
409 639 
406 408 639 
407 639 
406 639 
405 639 
404 639 
403 639 
402 639 
401 402 639 
400 639 
399 639 
398 399 639 
397 639 
396 639 
395 639 
394 639 
393 639 
392 639 
391 639 
386 390 639 
389 639 
388 639 
386 387 639 
386 639 
385 639 
384 639 
383 639 
382 639 
381 639 
380 639 
379 639 
378 639 
377 639 
376 639 
375 639 
374 639 
373 639 
372 639 
371 639 
370 639 
369 639 
368 639 
367 639 
366 639 
365 639 
364 639 
363 639 
362 639 
361 639 
360 639 
359 639 
358 639 
357 639 
356 639 
355 639 
354 639 
353 639 
352 639 
351 639 
350 639 
349 639 
348 639 
347 639 
346 639 
345 639 
344 639 
343 639 
342 639 
341 639 
340 639 
339 340 639 
338 639 
337 639 
336 639 
335 639 
334 639 
333 334 639 
332 639 
331 639 
330 639 
329 639 
328 639 
327 328 639 
321 326 639 
321 325 639 
321 324 639 
321 323 639 
321 322 639 
321 639 
320 321 639 
319 639 
318 639 
317 639 
316 639 
315 639 
314 639 
313 639 
312 639 
311 639 
310 639 
309 639 
308 639 
307 639 
306 639 
305 639 
304 639 
303 639 
302 639 
301 639 
300 639 
299 639 
298 639 
297 639 
296 639 
295 639 
294 639 
293 639 
292 639 
291 639 
290 639 
289 639 
288 639 
287 639 
286 639 
285 639 
284 639 
283 639 
282 639 
281 639 
280 639 
279 639 
278 639 
277 639 
276 639 
275 639 
274 639 
273 639 
272 639 
271 639 
270 639 
269 639 
268 639 
267 639 
266 639 
265 639 
264 639 
263 639 
262 639 
261 639 
260 261 639 
259 639 
258 639 
257 639 
256 639 
255 639 
254 639 
253 639 
252 639 
251 639 
246 250 639 
249 639 
248 639 
246 247 639 
246 639 
245 639 
244 639 
243 639 
242 639 
241 639 
240 639 
239 639 
238 639 
237 639 
236 639 
235 639 
234 639 
233 639 
232 639 
231 639 
230 639 
229 639 
228 639 
227 639 
226 639 
225 639 
224 639 
223 639 
222 639 
221 639 
220 639 
219 639 
218 639 
217 639 
216 639 
215 639 
214 639 
213 639 
212 639 
211 639 
210 639 
209 639 
208 639 
207 639 
206 639 
205 639 
204 639 
203 639 
202 639 
201 639 
200 639 
199 639 
198 639 
197 639 
196 639 
195 639 
194 639 
193 639 
192 639 
191 639 
190 639 
189 639 
188 639 
187 639 
186 639 
185 639 
184 639 
183 639 
182 639 
181 639 
180 639 
179 639 
178 639 
177 639 
176 639 
175 639 
174 639 
173 639 
172 639 
171 639 
170 639 
169 639 
168 639 
167 639 
166 639 
165 639 
164 639 
163 639 
162 639 
161 639 
160 639 
159 639 
158 639 
157 639 
156 639 
155 639 
154 639 
153 639 
152 639 
151 639 
150 151 639 
149 151 639 
148 639 
147 148 639 
146 148 639 
145 639 
144 639 
143 639 
142 639 
141 145 639 
140 639 
139 639 
138 639 
137 639 
136 639 
135 639 
134 135 639 
133 135 639 
132 135 639 
131 135 639 
130 134 135 639 
129 639 
128 639 
127 639 
126 127 639 
125 127 639 
124 639 
123 639 
122 639 
121 639 
120 639 
119 639 
118 639 
117 639 
116 639 
115 639 
114 639 
113 114 639 
112 639 
111 639 
110 639 
109 639 
108 639 
107 639 
106 639 
105 639 
104 639 
103 639 
102 639 
101 639 
100 639 
99 639 
98 639 
97 639 
96 100 639 
95 639 
94 95 639 
93 94 95 639 
92 93 94 95 639 
91 92 93 94 95 639 
90 91 92 93 94 95 639 
89 90 91 92 93 94 95 639 
88 89 90 91 92 93 94 95 639 
87 88 89 90 91 92 93 94 95 639 
86 87 88 89 90 91 92 93 94 95 639 
85 86 87 88 89 90 91 92 93 94 95 639 
84 85 86 87 88 89 90 91 92 93 94 95 639 
83 84 85 86 87 88 89 90 91 92 93 94 95 639 
82 83 84 85 86 87 88 89 90 91 92 93 94 95 639 
81 82 83 84 85 86 87 88 89 90 91 92 93 94 95 639 
80 81 82 83 84 85 86 87 88 89 90 91 92 93 94 95 639 
79 80 81 82 83 84 85 86 87 88 89 90 91 92 93 94 95 639 
78 639 
77 639 
76 77 639 
75 76 77 639 
74 75 76 77 639 
73 74 75 76 77 639 
72 73 74 75 76 77 639 
71 72 73 74 75 76 77 639 
70 71 72 73 74 75 76 77 639 
69 70 71 72 73 74 75 76 77 639 
68 69 70 71 72 73 74 75 76 77 639 
67 68 69 70 71 72 73 74 75 76 77 639 
66 67 68 69 70 71 72 73 74 75 76 77 639 
65 66 67 68 69 70 71 72 73 74 75 76 77 639 
64 65 66 67 68 69 70 71 72 73 74 75 76 77 639 
63 64 65 66 67 68 69 70 71 72 73 74 75 76 77 639 
62 63 64 65 66 67 68 69 70 71 72 73 74 75 76 77 639 
61 62 63 64 65 66 67 68 69 70 71 72 73 74 75 76 77 639 
60 61 62 63 64 65 66 67 68 69 70 71 72 73 74 75 76 77 639 
59 639 
58 639 
57 639 
56 639 
55 639 
54 639 
53 54 639 
52 639 
51 639 
50 639 
49 639 
48 639 
47 639 
46 47 639 
45 47 639 
44 47 639 
43 47 639 
42 639 
41 639 
40 639 
39 639 
38 639 
37 639 
36 639 
35 39 639 
34 639 
33 639 
32 33 639 
31 33 639 
30 33 639 
29 639 
28 639 
27 29 639 
26 639 
25 26 639 
24 639 
23 639 
22 639 
21 639 
20 639 
19 639 
18 639 
17 639 
16 639 
15 639 
14 639 
13 639 
12 639 
11 639 
10 639 
9 639 
8 639 
7 639 
6 639 
5 639 
4 639 
3 639 
2 639 
406 407 639 
