4
5
6
7
8
9
10
21
23
25
26
28
29
31
32
33
35
36
38
40
42
44
46
48
50
52
54
55
56
59
60
62
63
64
66
67
68
69
70
72
73
75
76
77
79
80
82
83
84
85
87
89
90
91
92
97
98
99
101
102
103
104
105
107
108
109
111
112
113
114
116
117
118
120
122
123
125
126
127
129
130
135
136
138
139
140
141
142
143
145
147
149
152
153
154
156
157
158
159
160
161
162
163
164
165
167
168
169
171
172
173
175
177
179
181
182
184
185
187
189
194
196
198
199
200
203
204
207
208
211
212
213
230
234
235
236
262
263
264
265
266
267
268
