2 112 
2 111 
2 110 
2 109 
2 108 
97 98 
96 98 
95 98 
94 98 
93 98 
92 98 
91 98 
90 98 
89 98 
88 98 
87 98 
86 98 
85 98 
84 98 
83 98 
82 98 
81 98 
80 98 
79 98 
78 98 
77 98 
76 98 
75 98 
74 98 
73 98 
72 98 
71 98 
70 98 
69 98 
68 98 
67 98 
66 98 
65 98 
64 98 
63 98 
62 98 
61 98 
60 98 
59 98 
58 98 
57 98 
56 98 
55 56 98 
54 98 
53 98 
52 98 
51 98 
50 98 
49 98 
48 98 
47 98 
46 98 
45 98 
44 98 
43 98 
42 43 98 
41 42 43 98 
40 41 42 43 98 
39 40 41 42 43 98 
38 39 40 41 42 43 98 
37 38 39 40 41 42 43 98 
36 37 38 39 40 41 42 43 98 
35 36 37 38 39 40 41 42 43 98 
34 35 36 37 38 39 40 41 42 43 98 
33 34 35 36 37 38 39 40 41 42 43 98 
32 33 34 35 36 37 38 39 40 41 42 43 98 
31 32 33 34 35 36 37 38 39 40 41 42 43 98 
30 31 32 33 34 35 36 37 38 39 40 41 42 43 98 
29 30 31 32 33 34 35 36 37 38 39 40 41 42 43 98 
28 29 30 31 32 33 34 35 36 37 38 39 40 41 42 43 98 
27 28 29 30 31 32 33 34 35 36 37 38 39 40 41 42 43 98 
26 98 
25 26 98 
24 25 26 98 
23 24 25 26 98 
22 23 24 25 26 98 
21 22 23 24 25 26 98 
20 21 22 23 24 25 26 98 
19 20 21 22 23 24 25 26 98 
18 19 20 21 22 23 24 25 26 98 
17 18 19 20 21 22 23 24 25 26 98 
16 17 18 19 20 21 22 23 24 25 26 98 
15 16 17 18 19 20 21 22 23 24 25 26 98 
14 15 16 17 18 19 20 21 22 23 24 25 26 98 
13 14 15 16 17 18 19 20 21 22 23 24 25 26 98 
12 13 14 15 16 17 18 19 20 21 22 23 24 25 26 98 
11 12 13 14 15 16 17 18 19 20 21 22 23 24 25 26 98 
10 11 12 13 14 15 16 17 18 19 20 21 22 23 24 25 26 98 
9 98 
8 98 
7 98 
6 98 
5 98 
4 98 
3 98 
1 98 
