2
26
28
32
37
44
53
61
64
70
72
74
76
78
80
82
84
86
88
90
92
94
96
98
100
102
106
108
110
112
114
116
118
120
122
124
126
128
130
132
134
136
138
143
148
150
152
154
156
163
166
171
173
180
188
190
201
205
209
224
234
312
323
384
392
399
406
446
450
452
454
456
458
464
466
474
478
481
487
489
491
500
502
511
518
527
529
537
541
556
561
564
569
572
575
579
604
606
610
614
618
622
626
630
634
638
642
647
674
747
748
750
