742 743 
741 742 
740 742 
739 742 
738 742 
737 742 
736 742 
735 742 
734 742 
733 742 
732 742 
731 742 
730 742 
729 742 
728 742 
727 742 
726 742 
725 742 
724 742 
723 742 
722 742 
721 742 
720 742 
719 742 
718 742 
717 742 
716 742 
715 742 
714 742 
713 742 
712 742 
711 742 
710 742 
709 742 
708 742 
707 742 
706 742 
705 742 
704 742 
703 742 
702 742 
701 742 
700 742 
699 742 
698 742 
697 742 
696 742 
695 742 
694 742 
693 742 
692 742 
691 742 
690 742 
689 742 
688 742 
687 742 
686 742 
685 742 
684 742 
683 742 
682 742 
681 742 
680 742 
679 742 
678 742 
677 742 
676 742 
675 742 
674 742 
665 673 742 
665 672 742 
665 671 742 
665 670 742 
665 669 742 
665 668 742 
665 667 742 
665 666 742 
665 742 
664 742 
663 742 
662 742 
661 742 
660 742 
659 742 
658 742 
657 742 
656 742 
655 742 
654 742 
653 742 
652 742 
651 742 
650 742 
649 742 
648 742 
647 742 
646 742 
645 742 
644 742 
643 742 
642 742 
641 742 
640 742 
639 742 
638 742 
637 638 742 
636 638 742 
635 742 
634 742 
633 742 
632 633 742 
631 633 742 
630 633 742 
629 742 
628 629 742 
627 629 742 
626 629 742 
625 742 
624 625 742 
623 625 742 
622 625 742 
621 742 
620 621 742 
619 621 742 
618 621 742 
617 742 
616 617 742 
615 617 742 
614 617 742 
613 742 
612 613 742 
611 613 742 
610 613 742 
609 742 
608 609 742 
607 609 742 
606 609 742 
605 742 
604 605 742 
603 605 742 
602 605 742 
601 742 
600 601 742 
599 601 742 
598 601 742 
597 742 
596 597 742 
595 596 597 742 
594 742 
593 742 
592 742 
591 742 
590 742 
589 742 
588 742 
587 742 
586 742 
585 742 
584 742 
583 742 
582 742 
581 742 
580 742 
579 742 
578 742 
577 742 
576 742 
575 742 
574 742 
573 742 
572 742 
571 742 
570 571 742 
569 742 
568 742 
567 742 
566 567 742 
565 742 
564 565 742 
563 564 565 742 
562 565 742 
558 561 742 
558 560 561 742 
558 559 742 
558 742 
557 742 
556 557 742 
555 556 557 742 
554 557 742 
550 553 742 
550 552 553 742 
550 551 742 
550 742 
549 742 
548 742 
547 548 742 
546 742 
545 742 
544 742 
543 742 
542 742 
541 742 
540 742 
539 742 
538 742 
537 742 
533 536 742 
533 535 742 
533 534 742 
533 742 
529 532 742 
529 531 742 
529 530 742 
529 742 
528 742 
527 742 
526 742 
525 742 
524 742 
523 742 
522 742 
521 742 
520 521 742 
519 742 
518 519 742 
517 742 
516 742 
515 742 
514 742 
513 742 
512 742 
511 742 
510 742 
509 510 742 
508 742 
507 742 
506 742 
505 742 
504 742 
503 742 
502 503 742 
501 503 742 
500 742 
499 742 
498 742 
497 742 
495 742 
494 742 
493 494 742 
492 742 
491 492 742 
490 742 
489 742 
488 742 
487 742 
486 742 
485 742 
484 742 
483 742 
482 483 742 
481 742 
480 481 742 
476 479 742 
476 478 479 742 
477 742 
476 742 
475 742 
474 742 
473 742 
472 473 742 
471 742 
470 471 742 
469 470 471 742 
468 742 
467 742 
466 467 742 
465 466 467 742 
464 742 
463 742 
462 742 
461 742 
460 742 
459 742 
458 742 
457 458 742 
451 456 742 
451 455 456 742 
454 742 
453 742 
451 452 742 
451 742 
450 742 
449 450 742 
448 742 
447 448 742 
446 742 
445 446 742 
444 742 
443 444 742 
442 742 
441 442 742 
440 742 
439 742 
438 742 
437 438 742 
436 438 742 
435 742 
434 742 
433 742 
432 742 
431 742 
430 742 
429 742 
428 742 
427 742 
426 742 
425 742 
424 742 
423 742 
422 742 
421 742 
420 742 
419 742 
418 742 
417 742 
416 742 
415 742 
414 742 
413 742 
412 742 
411 742 
410 742 
409 742 
408 742 
407 742 
406 742 
405 742 
404 742 
403 742 
402 742 
401 742 
400 742 
399 742 
398 399 742 
397 398 399 742 
396 742 
395 742 
394 742 
393 742 
392 742 
391 392 742 
390 391 392 742 
389 742 
388 742 
387 742 
386 742 
385 742 
384 385 742 
383 384 385 742 
376 377 382 742 
376 377 381 742 
376 377 380 742 
376 377 379 742 
376 377 378 742 
377 742 
376 377 742 
375 376 377 742 
374 742 
373 742 
372 742 
371 742 
370 742 
369 742 
368 742 
367 742 
366 742 
365 742 
364 742 
363 742 
362 742 
361 742 
360 742 
359 742 
358 742 
357 742 
356 742 
355 742 
354 742 
353 742 
352 742 
351 742 
350 742 
349 742 
348 742 
347 742 
346 742 
345 742 
344 742 
343 742 
342 742 
341 742 
340 742 
339 742 
338 742 
337 742 
336 742 
335 742 
334 742 
333 742 
332 742 
331 742 
330 742 
329 742 
328 742 
327 742 
326 742 
325 742 
324 742 
323 742 
322 742 
321 742 
320 742 
319 742 
318 742 
317 742 
316 742 
315 316 742 
314 315 316 742 
313 742 
312 742 
311 742 
310 742 
309 742 
308 742 
307 742 
306 742 
305 742 
299 304 742 
299 303 304 742 
302 742 
301 742 
299 300 742 
299 742 
298 742 
297 742 
296 742 
295 742 
294 742 
293 742 
292 742 
291 742 
290 742 
289 742 
288 742 
287 742 
286 742 
285 742 
284 742 
283 742 
282 742 
281 742 
280 742 
279 742 
278 742 
277 742 
276 742 
275 742 
274 742 
273 742 
272 742 
271 742 
270 742 
269 742 
268 742 
267 742 
266 742 
265 742 
264 742 
263 742 
262 742 
261 742 
260 742 
259 742 
258 742 
257 742 
256 742 
255 742 
254 742 
253 742 
252 742 
251 742 
250 742 
249 742 
248 742 
247 742 
246 742 
245 742 
244 742 
243 742 
242 742 
241 742 
240 742 
239 742 
238 742 
237 742 
236 742 
235 742 
234 742 
233 742 
232 742 
231 742 
230 742 
229 742 
228 742 
227 742 
226 742 
225 226 742 
224 742 
223 742 
222 742 
221 742 
220 742 
219 742 
218 742 
217 742 
216 742 
215 216 742 
214 742 
213 742 
212 742 
211 742 
210 742 
209 742 
208 742 
207 742 
206 742 
205 742 
204 742 
203 742 
202 742 
201 202 742 
200 201 202 742 
199 201 202 742 
198 742 
197 198 742 
196 197 198 742 
195 197 198 742 
194 742 
193 194 742 
192 742 
191 742 
190 742 
189 193 194 742 
188 742 
187 742 
186 742 
185 742 
184 742 
183 742 
182 183 742 
181 182 183 742 
180 181 182 183 742 
179 182 183 742 
178 182 183 742 
177 182 183 742 
176 180 181 182 183 742 
175 742 
174 742 
173 742 
172 173 742 
171 172 173 742 
170 172 173 742 
169 742 
168 742 
167 742 
166 742 
165 742 
164 165 742 
163 742 
162 163 742 
161 742 
160 742 
159 742 
158 742 
157 158 742 
156 742 
155 156 742 
154 155 156 742 
153 742 
152 742 
151 742 
150 742 
149 742 
148 742 
147 148 742 
146 742 
145 146 742 
144 742 
143 144 742 
142 742 
141 142 742 
140 742 
139 140 742 
138 742 
137 742 
136 742 
135 136 742 
134 742 
133 742 
132 742 
131 135 136 742 
130 742 
129 130 742 
128 129 130 742 
127 128 129 130 742 
126 127 128 129 130 742 
125 126 127 128 129 130 742 
124 125 126 127 128 129 130 742 
123 124 125 126 127 128 129 130 742 
122 123 124 125 126 127 128 129 130 742 
121 122 123 124 125 126 127 128 129 130 742 
120 121 122 123 124 125 126 127 128 129 130 742 
119 120 121 122 123 124 125 126 127 128 129 130 742 
118 119 120 121 122 123 124 125 126 127 128 129 130 742 
117 118 119 120 121 122 123 124 125 126 127 128 129 130 742 
116 117 118 119 120 121 122 123 124 125 126 127 128 129 130 742 
115 116 117 118 119 120 121 122 123 124 125 126 127 128 129 130 742 
114 115 116 117 118 119 120 121 122 123 124 125 126 127 128 129 130 742 
113 114 115 116 117 118 119 120 121 122 123 124 125 126 127 128 129 130 742 
112 113 114 115 116 117 118 119 120 121 122 123 124 125 126 127 128 129 130 742 
111 112 113 114 115 116 117 118 119 120 121 122 123 124 125 126 127 128 129 130 742 
110 111 112 113 114 115 116 117 118 119 120 121 122 123 124 125 126 127 128 129 130 742 
109 110 111 112 113 114 115 116 117 118 119 120 121 122 123 124 125 126 127 128 129 130 742 
108 109 110 111 112 113 114 115 116 117 118 119 120 121 122 123 124 125 126 127 128 129 130 742 
107 108 109 110 111 112 113 114 115 116 117 118 119 120 121 122 123 124 125 126 127 128 129 130 742 
106 107 108 109 110 111 112 113 114 115 116 117 118 119 120 121 122 123 124 125 126 127 128 129 130 742 
105 106 107 108 109 110 111 112 113 114 115 116 117 118 119 120 121 122 123 124 125 126 127 128 129 130 742 
104 105 106 107 108 109 110 111 112 113 114 115 116 117 118 119 120 121 122 123 124 125 126 127 128 129 130 742 
103 104 105 106 107 108 109 110 111 112 113 114 115 116 117 118 119 120 121 122 123 124 125 126 127 128 129 130 742 
102 103 104 105 106 107 108 109 110 111 112 113 114 115 116 117 118 119 120 121 122 123 124 125 126 127 128 129 130 742 
101 102 103 104 105 106 107 108 109 110 111 112 113 114 115 116 117 118 119 120 121 122 123 124 125 126 127 128 129 130 742 
100 101 102 103 104 105 106 107 108 109 110 111 112 113 114 115 116 117 118 119 120 121 122 123 124 125 126 127 128 129 130 742 
99 100 101 102 103 104 105 106 107 108 109 110 111 112 113 114 115 116 117 118 119 120 121 122 123 124 125 126 127 128 129 130 742 
98 99 100 101 102 103 104 105 106 107 108 109 110 111 112 113 114 115 116 117 118 119 120 121 122 123 124 125 126 127 128 129 130 742 
97 98 99 100 101 102 103 104 105 106 107 108 109 110 111 112 113 114 115 116 117 118 119 120 121 122 123 124 125 126 127 128 129 130 742 
96 742 
95 742 
94 95 742 
93 94 95 742 
92 93 94 95 742 
91 92 93 94 95 742 
90 91 92 93 94 95 742 
89 90 91 92 93 94 95 742 
88 89 90 91 92 93 94 95 742 
87 88 89 90 91 92 93 94 95 742 
86 87 88 89 90 91 92 93 94 95 742 
85 86 87 88 89 90 91 92 93 94 95 742 
84 85 86 87 88 89 90 91 92 93 94 95 742 
83 84 85 86 87 88 89 90 91 92 93 94 95 742 
82 83 84 85 86 87 88 89 90 91 92 93 94 95 742 
81 82 83 84 85 86 87 88 89 90 91 92 93 94 95 742 
80 81 82 83 84 85 86 87 88 89 90 91 92 93 94 95 742 
79 80 81 82 83 84 85 86 87 88 89 90 91 92 93 94 95 742 
78 79 80 81 82 83 84 85 86 87 88 89 90 91 92 93 94 95 742 
77 78 79 80 81 82 83 84 85 86 87 88 89 90 91 92 93 94 95 742 
76 77 78 79 80 81 82 83 84 85 86 87 88 89 90 91 92 93 94 95 742 
75 76 77 78 79 80 81 82 83 84 85 86 87 88 89 90 91 92 93 94 95 742 
74 75 76 77 78 79 80 81 82 83 84 85 86 87 88 89 90 91 92 93 94 95 742 
73 74 75 76 77 78 79 80 81 82 83 84 85 86 87 88 89 90 91 92 93 94 95 742 
72 73 74 75 76 77 78 79 80 81 82 83 84 85 86 87 88 89 90 91 92 93 94 95 742 
71 72 73 74 75 76 77 78 79 80 81 82 83 84 85 86 87 88 89 90 91 92 93 94 95 742 
70 71 72 73 74 75 76 77 78 79 80 81 82 83 84 85 86 87 88 89 90 91 92 93 94 95 742 
69 70 71 72 73 74 75 76 77 78 79 80 81 82 83 84 85 86 87 88 89 90 91 92 93 94 95 742 
68 69 70 71 72 73 74 75 76 77 78 79 80 81 82 83 84 85 86 87 88 89 90 91 92 93 94 95 742 
67 68 69 70 71 72 73 74 75 76 77 78 79 80 81 82 83 84 85 86 87 88 89 90 91 92 93 94 95 742 
66 67 68 69 70 71 72 73 74 75 76 77 78 79 80 81 82 83 84 85 86 87 88 89 90 91 92 93 94 95 742 
65 66 67 68 69 70 71 72 73 74 75 76 77 78 79 80 81 82 83 84 85 86 87 88 89 90 91 92 93 94 95 742 
64 65 66 67 68 69 70 71 72 73 74 75 76 77 78 79 80 81 82 83 84 85 86 87 88 89 90 91 92 93 94 95 742 
63 64 65 66 67 68 69 70 71 72 73 74 75 76 77 78 79 80 81 82 83 84 85 86 87 88 89 90 91 92 93 94 95 742 
62 63 64 65 66 67 68 69 70 71 72 73 74 75 76 77 78 79 80 81 82 83 84 85 86 87 88 89 90 91 92 93 94 95 742 
61 62 63 64 65 66 67 68 69 70 71 72 73 74 75 76 77 78 79 80 81 82 83 84 85 86 87 88 89 90 91 92 93 94 95 742 
60 742 
59 742 
58 742 
57 742 
56 742 
55 56 742 
54 742 
53 54 742 
52 53 54 742 
51 742 
50 742 
49 742 
48 742 
47 742 
46 742 
45 46 742 
44 45 46 742 
43 45 46 742 
42 45 46 742 
41 45 46 742 
40 742 
39 742 
38 742 
37 742 
36 37 742 
35 742 
34 742 
33 742 
32 36 37 742 
31 742 
30 742 
29 30 742 
28 29 30 742 
27 29 30 742 
26 29 30 742 
25 742 
24 25 742 
23 742 
22 24 25 742 
21 742 
20 21 742 
19 20 21 742 
18 741 742 
17 739 742 
16 738 742 
15 742 
14 742 
13 742 
12 742 
11 742 
10 742 
9 742 
8 742 
7 742 
6 742 
5 742 
4 742 
3 742 
2 742 
476 477 742 
1 2 
