4
5
6
7
8
9
11
12
14
15
16
17
18
19
20
21
23
25
26
29
31
32
35
36
38
40
42
44
46
48
50
52
54
55
56
58
59
60
61
62
63
64
66
67
68
69
70
71
72
73
74
76
77
78
79
80
82
83
84
85
86
87
88
89
90
91
92
93
94
95
96
97
98
99
101
102
103
104
105
107
108
109
110
111
112
113
114
115
116
117
118
119
120
122
123
124
125
126
127
129
130
131
132
134
135
136
137
138
139
140
141
142
143
145
147
148
149
150
151
152
153
154
156
157
158
159
160
161
162
163
164
165
166
167
168
169
170
171
172
173
174
175
177
178
179
180
181
182
183
184
185
186
188
190
191
192
193
195
196
198
199
200
203
204
207
211
213
230
232
233
262
263
264
265
266
267
268
