25 750 
25 749 
24 25 749 
25 748 
25 747 
23 25 747 
25 746 
22 25 746 
25 745 
25 744 
25 743 
25 742 
25 741 
25 740 
25 739 
25 738 
25 737 
25 736 
25 735 
25 734 
25 733 
25 732 
25 731 
25 730 
25 729 
25 728 
25 727 
25 726 
25 725 
25 724 
25 723 
25 722 
25 721 
25 720 
25 719 
25 718 
25 717 
25 716 
25 715 
25 714 
25 713 
25 712 
25 711 
25 710 
25 709 
25 708 
25 707 
25 706 
25 705 
25 704 
25 703 
25 702 
25 701 
25 700 
25 699 
25 698 
25 697 
25 696 
25 695 
25 694 
25 693 
25 692 
25 691 
25 690 
25 689 
25 688 
25 687 
25 686 
25 685 
25 684 
25 683 
25 682 
25 673 681 
25 673 680 
25 673 679 
25 673 678 
25 673 677 
25 673 676 
25 673 675 
25 673 674 
25 673 
25 672 
25 671 
25 670 
25 669 
25 668 
25 667 
25 666 
25 665 
25 664 
25 663 
25 662 
25 661 
25 660 
25 659 
25 658 
25 657 
25 656 
25 655 
25 654 
25 653 
25 652 
25 651 
25 650 
25 649 
25 648 
25 647 
25 645 646 
25 644 646 
25 646 
25 643 
25 642 
4 640 641 
4 639 641 
4 638 641 
4 641 
4 636 637 
4 635 637 
4 634 637 
4 637 
4 632 633 
4 631 633 
4 630 633 
4 633 
4 628 629 
4 627 629 
4 626 629 
4 629 
4 624 625 
4 623 625 
4 622 625 
4 625 
4 620 621 
4 619 621 
4 618 621 
4 621 
4 616 617 
4 615 617 
4 614 617 
4 617 
4 612 613 
4 611 613 
4 610 613 
4 613 
4 608 609 
4 607 609 
4 606 609 
4 609 
604 605 
603 604 605 
602 603 604 605 
601 605 
600 605 
599 605 
598 605 
597 605 
596 605 
595 605 
594 605 
593 605 
592 605 
591 605 
590 605 
589 605 
588 605 
587 605 
586 605 
585 605 
584 605 
583 605 
582 605 
581 605 
580 605 
579 605 
578 605 
577 578 605 
576 605 
575 605 
574 605 
573 574 605 
572 605 
571 572 605 
570 571 572 605 
569 572 605 
565 568 605 
565 567 568 605 
565 566 605 
565 605 
564 605 
563 564 605 
562 563 564 605 
561 564 605 
557 560 605 
557 559 560 605 
557 558 605 
557 605 
556 605 
555 605 
554 555 605 
553 605 
552 605 
551 605 
550 605 
549 605 
548 605 
547 605 
546 605 
545 605 
544 605 
540 543 605 
540 542 605 
540 541 605 
540 605 
536 539 605 
536 538 605 
536 537 605 
536 605 
535 605 
534 605 
533 605 
532 605 
531 605 
530 605 
529 605 
528 605 
527 528 605 
526 605 
525 526 605 
524 605 
523 605 
522 605 
521 605 
520 605 
519 605 
518 605 
517 605 
516 517 605 
515 605 
514 605 
513 605 
512 605 
511 605 
510 605 
509 510 605 
508 510 605 
507 605 
506 605 
505 605 
504 605 
503 605 
502 605 
501 605 
500 501 605 
499 605 
498 499 605 
497 605 
496 605 
495 605 
494 605 
493 605 
492 605 
491 605 
490 605 
489 490 605 
488 605 
487 488 605 
483 486 605 
483 485 486 605 
484 605 
483 605 
482 605 
481 605 
480 605 
479 480 605 
478 605 
477 478 605 
476 477 478 605 
475 605 
474 605 
473 474 605 
472 473 474 605 
471 605 
470 605 
469 605 
468 605 
467 605 
466 605 
465 605 
464 465 605 
458 463 605 
458 462 463 605 
461 605 
460 605 
458 459 605 
458 605 
457 605 
456 457 605 
455 605 
454 455 605 
453 605 
452 453 605 
451 605 
450 451 605 
449 605 
448 449 605 
447 605 
446 605 
445 605 
444 445 605 
443 445 605 
442 605 
441 605 
440 605 
439 605 
438 605 
437 605 
436 605 
435 605 
434 605 
433 605 
432 605 
431 605 
430 605 
429 605 
428 605 
427 605 
426 605 
425 605 
424 605 
423 605 
422 605 
421 605 
420 605 
419 605 
418 605 
417 605 
416 605 
415 605 
414 605 
413 605 
412 605 
411 605 
410 605 
409 605 
408 605 
407 605 
406 605 
405 406 605 
404 405 406 605 
403 605 
402 605 
401 605 
400 605 
399 605 
398 399 605 
397 398 399 605 
396 605 
395 605 
394 605 
393 605 
392 605 
391 392 605 
390 391 392 605 
383 384 389 605 
383 384 388 605 
383 384 387 605 
383 384 386 605 
383 384 385 605 
384 605 
383 384 605 
382 383 384 605 
381 605 
380 605 
379 605 
378 605 
377 605 
376 605 
375 605 
374 605 
373 605 
372 605 
371 605 
370 605 
369 605 
368 605 
367 605 
366 605 
365 605 
364 605 
363 605 
362 605 
361 605 
360 605 
359 605 
358 605 
357 605 
356 605 
355 605 
354 605 
353 605 
352 605 
351 605 
350 605 
349 605 
348 605 
347 605 
346 605 
345 605 
344 605 
343 605 
342 605 
341 605 
340 605 
339 605 
338 605 
337 605 
336 605 
335 605 
334 605 
333 605 
332 605 
331 605 
330 605 
329 605 
328 605 
327 605 
326 605 
325 605 
324 605 
323 605 
322 323 605 
321 322 323 605 
320 605 
319 605 
318 605 
317 605 
316 605 
315 605 
314 605 
313 605 
312 605 
306 311 605 
306 310 311 605 
309 605 
308 605 
306 307 605 
306 605 
305 605 
304 605 
303 605 
302 605 
301 605 
300 605 
299 605 
298 605 
297 605 
296 605 
295 605 
294 605 
293 605 
292 605 
291 605 
290 605 
289 605 
288 605 
287 605 
286 605 
285 605 
284 605 
283 605 
282 605 
281 605 
280 605 
279 605 
278 605 
277 605 
276 605 
275 605 
274 605 
273 605 
272 605 
271 605 
270 605 
269 605 
268 605 
267 605 
266 605 
265 605 
264 605 
263 605 
262 605 
261 605 
260 605 
259 605 
258 605 
257 605 
256 605 
255 605 
254 605 
253 605 
252 605 
251 605 
250 605 
249 605 
248 605 
247 605 
246 605 
245 605 
244 605 
243 605 
242 605 
241 605 
240 605 
239 605 
238 605 
237 605 
236 605 
235 605 
234 605 
233 605 
232 233 605 
231 605 
230 605 
229 605 
228 605 
227 605 
226 605 
225 605 
224 605 
223 605 
222 223 605 
221 605 
220 605 
219 605 
218 605 
217 605 
216 605 
215 605 
214 605 
213 605 
212 605 
211 605 
210 605 
209 605 
208 209 605 
207 208 209 605 
206 208 209 605 
205 605 
204 205 605 
203 204 205 605 
202 204 205 605 
201 605 
200 201 605 
199 605 
198 605 
197 605 
196 200 201 605 
195 605 
194 605 
193 605 
192 605 
191 605 
190 605 
189 190 605 
188 189 190 605 
187 188 189 190 605 
186 189 190 605 
185 189 190 605 
184 189 190 605 
183 187 188 189 190 605 
182 605 
181 605 
180 605 
179 180 605 
178 179 180 605 
177 179 180 605 
176 605 
175 605 
174 605 
173 605 
172 605 
171 172 605 
170 605 
169 170 605 
168 605 
167 605 
166 605 
165 605 
164 165 605 
163 605 
162 163 605 
161 162 163 605 
160 605 
159 605 
158 605 
157 605 
156 605 
155 605 
154 155 605 
153 605 
152 153 605 
151 605 
150 151 605 
149 605 
148 149 605 
147 605 
146 147 605 
145 605 
144 605 
143 605 
142 143 605 
141 605 
140 605 
139 605 
138 142 143 605 
137 605 
136 137 605 
135 136 137 605 
134 135 136 137 605 
133 134 135 136 137 605 
132 133 134 135 136 137 605 
131 132 133 134 135 136 137 605 
130 131 132 133 134 135 136 137 605 
129 130 131 132 133 134 135 136 137 605 
128 129 130 131 132 133 134 135 136 137 605 
127 128 129 130 131 132 133 134 135 136 137 605 
126 127 128 129 130 131 132 133 134 135 136 137 605 
125 126 127 128 129 130 131 132 133 134 135 136 137 605 
124 125 126 127 128 129 130 131 132 133 134 135 136 137 605 
123 124 125 126 127 128 129 130 131 132 133 134 135 136 137 605 
122 123 124 125 126 127 128 129 130 131 132 133 134 135 136 137 605 
121 122 123 124 125 126 127 128 129 130 131 132 133 134 135 136 137 605 
120 121 122 123 124 125 126 127 128 129 130 131 132 133 134 135 136 137 605 
119 120 121 122 123 124 125 126 127 128 129 130 131 132 133 134 135 136 137 605 
118 119 120 121 122 123 124 125 126 127 128 129 130 131 132 133 134 135 136 137 605 
117 118 119 120 121 122 123 124 125 126 127 128 129 130 131 132 133 134 135 136 137 605 
116 117 118 119 120 121 122 123 124 125 126 127 128 129 130 131 132 133 134 135 136 137 605 
115 116 117 118 119 120 121 122 123 124 125 126 127 128 129 130 131 132 133 134 135 136 137 605 
114 115 116 117 118 119 120 121 122 123 124 125 126 127 128 129 130 131 132 133 134 135 136 137 605 
113 114 115 116 117 118 119 120 121 122 123 124 125 126 127 128 129 130 131 132 133 134 135 136 137 605 
112 113 114 115 116 117 118 119 120 121 122 123 124 125 126 127 128 129 130 131 132 133 134 135 136 137 605 
111 112 113 114 115 116 117 118 119 120 121 122 123 124 125 126 127 128 129 130 131 132 133 134 135 136 137 605 
110 111 112 113 114 115 116 117 118 119 120 121 122 123 124 125 126 127 128 129 130 131 132 133 134 135 136 137 605 
109 110 111 112 113 114 115 116 117 118 119 120 121 122 123 124 125 126 127 128 129 130 131 132 133 134 135 136 137 605 
108 109 110 111 112 113 114 115 116 117 118 119 120 121 122 123 124 125 126 127 128 129 130 131 132 133 134 135 136 137 605 
107 108 109 110 111 112 113 114 115 116 117 118 119 120 121 122 123 124 125 126 127 128 129 130 131 132 133 134 135 136 137 605 
106 107 108 109 110 111 112 113 114 115 116 117 118 119 120 121 122 123 124 125 126 127 128 129 130 131 132 133 134 135 136 137 605 
105 106 107 108 109 110 111 112 113 114 115 116 117 118 119 120 121 122 123 124 125 126 127 128 129 130 131 132 133 134 135 136 137 605 
104 105 106 107 108 109 110 111 112 113 114 115 116 117 118 119 120 121 122 123 124 125 126 127 128 129 130 131 132 133 134 135 136 137 605 
103 605 
102 605 
101 102 605 
100 101 102 605 
99 100 101 102 605 
98 99 100 101 102 605 
97 98 99 100 101 102 605 
96 97 98 99 100 101 102 605 
95 96 97 98 99 100 101 102 605 
94 95 96 97 98 99 100 101 102 605 
93 94 95 96 97 98 99 100 101 102 605 
92 93 94 95 96 97 98 99 100 101 102 605 
91 92 93 94 95 96 97 98 99 100 101 102 605 
90 91 92 93 94 95 96 97 98 99 100 101 102 605 
89 90 91 92 93 94 95 96 97 98 99 100 101 102 605 
88 89 90 91 92 93 94 95 96 97 98 99 100 101 102 605 
87 88 89 90 91 92 93 94 95 96 97 98 99 100 101 102 605 
86 87 88 89 90 91 92 93 94 95 96 97 98 99 100 101 102 605 
85 86 87 88 89 90 91 92 93 94 95 96 97 98 99 100 101 102 605 
84 85 86 87 88 89 90 91 92 93 94 95 96 97 98 99 100 101 102 605 
83 84 85 86 87 88 89 90 91 92 93 94 95 96 97 98 99 100 101 102 605 
82 83 84 85 86 87 88 89 90 91 92 93 94 95 96 97 98 99 100 101 102 605 
81 82 83 84 85 86 87 88 89 90 91 92 93 94 95 96 97 98 99 100 101 102 605 
80 81 82 83 84 85 86 87 88 89 90 91 92 93 94 95 96 97 98 99 100 101 102 605 
79 80 81 82 83 84 85 86 87 88 89 90 91 92 93 94 95 96 97 98 99 100 101 102 605 
78 79 80 81 82 83 84 85 86 87 88 89 90 91 92 93 94 95 96 97 98 99 100 101 102 605 
77 78 79 80 81 82 83 84 85 86 87 88 89 90 91 92 93 94 95 96 97 98 99 100 101 102 605 
76 77 78 79 80 81 82 83 84 85 86 87 88 89 90 91 92 93 94 95 96 97 98 99 100 101 102 605 
75 76 77 78 79 80 81 82 83 84 85 86 87 88 89 90 91 92 93 94 95 96 97 98 99 100 101 102 605 
74 75 76 77 78 79 80 81 82 83 84 85 86 87 88 89 90 91 92 93 94 95 96 97 98 99 100 101 102 605 
73 74 75 76 77 78 79 80 81 82 83 84 85 86 87 88 89 90 91 92 93 94 95 96 97 98 99 100 101 102 605 
72 73 74 75 76 77 78 79 80 81 82 83 84 85 86 87 88 89 90 91 92 93 94 95 96 97 98 99 100 101 102 605 
71 72 73 74 75 76 77 78 79 80 81 82 83 84 85 86 87 88 89 90 91 92 93 94 95 96 97 98 99 100 101 102 605 
70 71 72 73 74 75 76 77 78 79 80 81 82 83 84 85 86 87 88 89 90 91 92 93 94 95 96 97 98 99 100 101 102 605 
69 70 71 72 73 74 75 76 77 78 79 80 81 82 83 84 85 86 87 88 89 90 91 92 93 94 95 96 97 98 99 100 101 102 605 
68 69 70 71 72 73 74 75 76 77 78 79 80 81 82 83 84 85 86 87 88 89 90 91 92 93 94 95 96 97 98 99 100 101 102 605 
67 605 
66 605 
65 605 
64 605 
63 605 
62 63 605 
61 605 
60 61 605 
59 60 61 605 
58 605 
57 605 
56 605 
55 605 
54 605 
53 605 
52 53 605 
51 52 53 605 
50 52 53 605 
49 52 53 605 
48 52 53 605 
47 605 
46 605 
45 605 
44 605 
43 44 605 
42 605 
41 605 
40 605 
39 43 44 605 
38 605 
37 605 
36 37 605 
35 36 37 605 
34 36 37 605 
33 36 37 605 
32 605 
31 32 605 
30 605 
29 31 32 605 
28 605 
27 28 605 
26 27 28 605 
1 605 
483 484 605 
21 25 
20 25 
19 25 
18 25 
17 25 
16 25 
15 25 
14 25 
13 25 
12 25 
11 25 
10 25 
9 25 
