147 148 
146 148 
145 148 
143 144 
142 144 
141 144 
139 140 
138 140 
137 140 
135 136 
134 136 
133 136 
131 132 
130 132 
129 132 
127 128 
126 128 
125 128 
123 124 
122 124 
121 124 
119 120 
118 120 
117 120 
115 116 
114 116 
113 116 
111 112 
110 112 
109 112 
108 112 
107 112 
106 107 112 
105 112 
104 112 
103 112 
102 103 112 
101 112 
100 112 
99 112 
98 112 
97 112 
96 112 
95 112 
94 112 
93 112 
92 112 
91 112 
90 112 
89 112 
88 112 
87 112 
86 112 
85 112 
84 85 112 
83 112 
82 112 
81 112 
80 112 
79 112 
78 112 
77 78 112 
76 112 
75 112 
74 112 
73 112 
72 112 
71 112 
70 112 
69 112 
68 112 
67 112 
66 112 
65 112 
64 112 
63 64 112 
62 112 
61 112 
60 112 
59 112 
58 112 
57 112 
56 112 
55 56 112 
54 112 
53 112 
52 112 
51 112 
50 112 
49 112 
48 112 
47 112 
46 112 
45 112 
44 112 
43 112 
42 43 112 
41 42 43 112 
40 41 42 43 112 
39 40 41 42 43 112 
38 39 40 41 42 43 112 
37 38 39 40 41 42 43 112 
36 37 38 39 40 41 42 43 112 
35 36 37 38 39 40 41 42 43 112 
34 35 36 37 38 39 40 41 42 43 112 
33 34 35 36 37 38 39 40 41 42 43 112 
32 33 34 35 36 37 38 39 40 41 42 43 112 
31 32 33 34 35 36 37 38 39 40 41 42 43 112 
30 31 32 33 34 35 36 37 38 39 40 41 42 43 112 
29 30 31 32 33 34 35 36 37 38 39 40 41 42 43 112 
28 29 30 31 32 33 34 35 36 37 38 39 40 41 42 43 112 
27 28 29 30 31 32 33 34 35 36 37 38 39 40 41 42 43 112 
26 112 
25 26 112 
24 25 26 112 
23 24 25 26 112 
22 23 24 25 26 112 
21 22 23 24 25 26 112 
20 21 22 23 24 25 26 112 
19 20 21 22 23 24 25 26 112 
18 19 20 21 22 23 24 25 26 112 
17 18 19 20 21 22 23 24 25 26 112 
16 17 18 19 20 21 22 23 24 25 26 112 
15 16 17 18 19 20 21 22 23 24 25 26 112 
14 15 16 17 18 19 20 21 22 23 24 25 26 112 
13 14 15 16 17 18 19 20 21 22 23 24 25 26 112 
12 13 14 15 16 17 18 19 20 21 22 23 24 25 26 112 
11 12 13 14 15 16 17 18 19 20 21 22 23 24 25 26 112 
10 11 12 13 14 15 16 17 18 19 20 21 22 23 24 25 26 112 
9 112 
8 112 
7 112 
6 112 
5 112 
4 112 
3 112 
1 112 
