603 604 
602 603 
601 603 
600 603 
599 603 
598 603 
597 603 
596 603 
595 603 
594 603 
593 603 
592 603 
591 603 
590 603 
589 603 
588 603 
587 603 
586 603 
585 603 
584 603 
583 603 
582 603 
581 603 
580 603 
579 603 
578 603 
577 603 
576 603 
575 603 
574 603 
573 603 
572 603 
571 603 
570 603 
569 603 
568 603 
567 603 
566 603 
565 603 
564 603 
563 603 
562 603 
561 603 
560 603 
559 603 
558 603 
557 603 
556 603 
555 603 
554 603 
553 603 
552 603 
551 603 
550 603 
549 603 
548 603 
547 603 
546 603 
545 603 
544 603 
543 603 
542 603 
541 603 
540 603 
539 603 
538 603 
537 603 
536 603 
535 603 
526 534 603 
526 533 603 
526 532 603 
526 531 603 
526 530 603 
526 529 603 
526 528 603 
526 527 603 
526 603 
525 603 
524 603 
523 603 
522 603 
521 603 
520 603 
519 603 
518 603 
517 603 
516 603 
515 603 
514 603 
513 603 
512 603 
511 603 
510 603 
509 603 
508 603 
507 603 
506 603 
505 603 
504 603 
503 603 
502 603 
501 603 
500 603 
499 603 
498 499 603 
497 499 603 
496 603 
495 603 
494 603 
493 494 603 
492 603 
491 603 
490 603 
489 603 
488 603 
487 603 
486 603 
485 603 
484 603 
483 603 
482 603 
481 603 
480 603 
479 603 
478 603 
477 603 
476 603 
475 603 
474 603 
473 603 
472 603 
471 603 
470 603 
469 603 
468 603 
467 603 
466 603 
465 603 
464 465 603 
463 465 603 
462 603 
461 603 
460 461 603 
459 461 603 
458 603 
457 603 
456 603 
455 603 
454 603 
453 603 
452 603 
451 603 
450 603 
449 603 
448 603 
447 603 
446 603 
445 603 
444 603 
443 603 
442 603 
441 603 
440 603 
439 603 
438 603 
437 603 
436 603 
435 603 
434 603 
433 603 
432 603 
431 603 
430 603 
429 603 
428 603 
427 603 
426 603 
425 603 
424 603 
423 603 
422 603 
421 603 
420 603 
419 603 
418 603 
417 603 
416 603 
414 603 
413 603 
412 603 
411 603 
410 603 
409 603 
408 603 
407 603 
406 603 
405 603 
404 603 
403 603 
402 603 
401 603 
400 603 
399 603 
398 603 
397 398 603 
396 603 
395 603 
394 395 603 
393 603 
392 603 
391 603 
390 603 
389 603 
388 603 
387 603 
386 603 
385 603 
384 603 
383 603 
382 603 
381 603 
380 603 
379 603 
378 603 
377 603 
376 603 
375 603 
374 603 
373 603 
372 603 
371 603 
370 603 
369 603 
368 603 
367 603 
366 603 
365 603 
364 603 
363 603 
362 603 
361 603 
360 603 
359 603 
358 603 
357 603 
356 603 
355 603 
354 603 
353 603 
352 603 
351 603 
350 603 
349 603 
348 603 
347 603 
346 603 
345 603 
344 603 
343 603 
342 603 
341 603 
340 603 
339 603 
338 603 
337 338 603 
336 603 
335 603 
334 603 
333 603 
332 603 
331 332 603 
330 603 
329 603 
328 603 
327 603 
326 603 
325 326 603 
319 324 603 
319 323 603 
319 322 603 
319 321 603 
319 320 603 
319 603 
318 319 603 
317 603 
316 603 
315 603 
314 603 
313 603 
312 603 
311 603 
310 603 
309 603 
308 603 
307 603 
306 603 
305 603 
304 603 
303 603 
302 603 
301 603 
300 603 
299 603 
298 603 
297 603 
296 603 
295 603 
294 603 
293 603 
292 603 
291 603 
290 603 
289 603 
288 603 
287 603 
286 603 
285 603 
284 603 
283 603 
282 603 
281 603 
280 603 
279 603 
278 603 
277 603 
276 603 
275 603 
274 603 
273 603 
272 603 
271 603 
270 603 
269 603 
268 603 
267 603 
266 603 
265 603 
264 603 
263 603 
262 603 
261 603 
260 603 
259 603 
258 259 603 
257 603 
256 603 
255 603 
254 603 
253 603 
252 603 
251 603 
250 603 
249 603 
248 603 
247 603 
246 603 
245 603 
244 603 
243 603 
242 603 
241 603 
240 603 
239 603 
238 603 
237 603 
236 603 
235 603 
234 603 
233 603 
232 603 
231 603 
230 603 
229 603 
228 603 
227 603 
226 603 
225 603 
224 603 
223 603 
222 603 
221 603 
220 603 
219 603 
218 603 
217 603 
216 603 
215 603 
214 603 
213 603 
212 603 
211 603 
210 603 
209 603 
208 603 
207 603 
206 603 
205 603 
204 603 
203 603 
202 603 
201 603 
200 603 
199 603 
198 603 
197 603 
196 603 
195 603 
194 603 
193 603 
192 603 
191 603 
190 603 
189 603 
188 603 
187 603 
186 603 
185 603 
184 603 
183 603 
182 603 
181 603 
180 603 
179 603 
178 603 
177 603 
176 603 
175 603 
174 603 
173 603 
172 603 
171 603 
170 603 
169 603 
168 603 
167 603 
166 603 
165 603 
164 603 
163 603 
162 603 
161 603 
160 603 
159 603 
158 603 
157 603 
156 603 
155 603 
154 603 
153 603 
152 603 
151 603 
150 151 603 
149 151 603 
148 603 
147 148 603 
146 148 603 
145 603 
144 603 
143 603 
142 603 
141 145 603 
140 603 
139 603 
138 603 
137 603 
136 603 
135 603 
134 135 603 
133 135 603 
132 135 603 
131 135 603 
130 134 135 603 
129 603 
128 603 
127 603 
126 127 603 
125 127 603 
124 603 
123 603 
122 603 
121 603 
120 603 
119 603 
118 603 
117 603 
116 603 
115 603 
114 603 
113 114 603 
112 603 
111 603 
110 603 
109 603 
108 603 
107 603 
106 603 
105 603 
104 603 
103 603 
102 603 
101 603 
100 603 
99 603 
98 603 
97 603 
96 100 603 
95 603 
94 95 603 
93 94 95 603 
92 93 94 95 603 
91 92 93 94 95 603 
90 91 92 93 94 95 603 
89 90 91 92 93 94 95 603 
88 89 90 91 92 93 94 95 603 
87 88 89 90 91 92 93 94 95 603 
86 87 88 89 90 91 92 93 94 95 603 
85 86 87 88 89 90 91 92 93 94 95 603 
84 85 86 87 88 89 90 91 92 93 94 95 603 
83 84 85 86 87 88 89 90 91 92 93 94 95 603 
82 83 84 85 86 87 88 89 90 91 92 93 94 95 603 
81 82 83 84 85 86 87 88 89 90 91 92 93 94 95 603 
80 81 82 83 84 85 86 87 88 89 90 91 92 93 94 95 603 
79 80 81 82 83 84 85 86 87 88 89 90 91 92 93 94 95 603 
78 603 
77 603 
76 77 603 
75 76 77 603 
74 75 76 77 603 
73 74 75 76 77 603 
72 73 74 75 76 77 603 
71 72 73 74 75 76 77 603 
70 71 72 73 74 75 76 77 603 
69 70 71 72 73 74 75 76 77 603 
68 69 70 71 72 73 74 75 76 77 603 
67 68 69 70 71 72 73 74 75 76 77 603 
66 67 68 69 70 71 72 73 74 75 76 77 603 
65 66 67 68 69 70 71 72 73 74 75 76 77 603 
64 65 66 67 68 69 70 71 72 73 74 75 76 77 603 
63 64 65 66 67 68 69 70 71 72 73 74 75 76 77 603 
62 63 64 65 66 67 68 69 70 71 72 73 74 75 76 77 603 
61 62 63 64 65 66 67 68 69 70 71 72 73 74 75 76 77 603 
60 61 62 63 64 65 66 67 68 69 70 71 72 73 74 75 76 77 603 
59 603 
58 603 
57 603 
56 603 
55 603 
54 603 
53 54 603 
52 603 
51 603 
50 603 
49 603 
48 603 
47 603 
46 47 603 
45 47 603 
44 47 603 
43 47 603 
42 603 
41 603 
40 603 
39 603 
38 603 
37 603 
36 603 
35 39 603 
34 603 
33 603 
32 33 603 
31 33 603 
30 33 603 
29 603 
28 603 
27 29 603 
26 603 
25 26 603 
24 602 603 
23 600 603 
22 599 603 
21 603 
20 603 
19 603 
18 603 
17 603 
16 603 
15 603 
14 603 
13 603 
12 603 
11 603 
10 603 
9 603 
8 603 
7 603 
6 603 
5 603 
4 603 
3 603 
2 603 
