2
26
28
32
37
44
53
61
64
70
72
74
76
78
80
82
84
86
88
90
92
94
96
98
100
102
106
108
110
112
114
116
118
120
122
124
126
128
130
132
134
136
138
143
148
150
152
154
156
163
166
171
173
180
188
190
201
205
209
224
234
308
311
312
323
384
392
399
406
446
450
452
454
456
458
460
463
464
466
474
478
481
485
486
487
489
491
500
502
511
518
527
529
538
539
540
542
543
544
556
559
560
561
564
567
568
569
572
575
579
604
606
607
608
609
610
611
612
613
614
615
616
617
618
619
620
621
622
623
624
625
626
627
628
629
630
631
632
633
634
635
636
637
638
639
640
641
642
