147 148 
146 148 
145 148 
144 148 
143 148 
142 148 
141 148 
140 148 
139 148 
138 148 
137 148 
136 148 
135 148 
134 148 
133 148 
132 148 
131 148 
130 148 
129 148 
128 148 
127 148 
126 148 
125 148 
5 124 148 
32 148 
31 148 
30 148 
29 148 
28 148 
27 148 
26 148 
25 148 
24 148 
23 148 
22 148 
21 148 
20 148 
19 148 
18 148 
17 148 
16 148 
15 148 
14 148 
13 148 
12 148 
7 148 
6 148 
5 148 
4 148 
2 148 
1 148 
35 147 
33 147 
32 147 
31 147 
30 147 
29 147 
28 147 
27 147 
26 147 
25 147 
24 147 
23 147 
22 147 
21 147 
20 147 
19 147 
18 147 
17 147 
16 147 
15 147 
14 147 
13 147 
12 147 
11 147 
10 147 
9 147 
8 147 
7 147 
6 147 
4 147 
3 147 
2 147 
35 146 
33 146 
32 146 
31 146 
30 146 
29 146 
28 146 
27 146 
26 146 
25 146 
24 146 
23 146 
22 146 
21 146 
20 146 
19 146 
18 146 
17 146 
16 146 
15 146 
14 146 
13 146 
12 146 
11 146 
10 146 
9 146 
8 146 
7 146 
6 146 
4 146 
3 146 
2 146 
35 145 
33 145 
32 145 
31 145 
30 145 
29 145 
28 145 
27 145 
26 145 
25 145 
24 145 
23 145 
22 145 
21 145 
20 145 
19 145 
18 145 
17 145 
16 145 
15 145 
14 145 
13 145 
12 145 
11 145 
10 145 
9 145 
8 145 
7 145 
6 145 
4 145 
3 145 
2 145 
35 144 
33 144 
32 144 
31 144 
30 144 
29 144 
28 144 
27 144 
26 144 
25 144 
24 144 
23 144 
22 144 
21 144 
20 144 
19 144 
18 144 
17 144 
16 144 
15 144 
14 144 
13 144 
12 144 
11 144 
10 144 
9 144 
8 144 
7 144 
6 144 
4 144 
3 144 
2 144 
35 143 
33 143 
32 143 
31 143 
30 143 
29 143 
28 143 
27 143 
26 143 
25 143 
24 143 
23 143 
22 143 
21 143 
20 143 
19 143 
18 143 
17 143 
16 143 
15 143 
14 143 
13 143 
12 143 
11 143 
10 143 
9 143 
8 143 
7 143 
6 143 
4 143 
3 143 
2 143 
35 142 
33 142 
32 142 
31 142 
30 142 
29 142 
28 142 
27 142 
26 142 
25 142 
24 142 
23 142 
22 142 
21 142 
20 142 
19 142 
18 142 
17 142 
16 142 
15 142 
14 142 
13 142 
12 142 
11 142 
10 142 
9 142 
8 142 
7 142 
6 142 
4 142 
3 142 
2 142 
35 141 
33 141 
32 141 
31 141 
30 141 
29 141 
28 141 
27 141 
26 141 
25 141 
24 141 
23 141 
22 141 
21 141 
20 141 
19 141 
18 141 
17 141 
16 141 
15 141 
14 141 
13 141 
12 141 
11 141 
10 141 
9 141 
8 141 
7 141 
6 141 
4 141 
3 141 
2 141 
35 140 
33 140 
32 140 
31 140 
30 140 
29 140 
28 140 
27 140 
26 140 
25 140 
24 140 
23 140 
22 140 
21 140 
20 140 
19 140 
18 140 
17 140 
16 140 
15 140 
14 140 
13 140 
12 140 
11 140 
10 140 
9 140 
8 140 
7 140 
6 140 
4 140 
3 140 
2 140 
35 139 
33 139 
32 139 
31 139 
30 139 
29 139 
28 139 
27 139 
26 139 
25 139 
24 139 
23 139 
22 139 
21 139 
20 139 
19 139 
18 139 
17 139 
16 139 
15 139 
14 139 
13 139 
12 139 
11 139 
10 139 
9 139 
8 139 
7 139 
6 139 
4 139 
3 139 
2 139 
35 138 
33 138 
32 138 
31 138 
30 138 
29 138 
28 138 
27 138 
26 138 
25 138 
24 138 
23 138 
22 138 
21 138 
20 138 
19 138 
18 138 
17 138 
16 138 
15 138 
14 138 
13 138 
12 138 
11 138 
10 138 
9 138 
8 138 
7 138 
6 138 
4 138 
3 138 
2 138 
35 137 
33 137 
32 137 
31 137 
30 137 
29 137 
28 137 
27 137 
26 137 
25 137 
24 137 
23 137 
22 137 
21 137 
20 137 
19 137 
18 137 
17 137 
16 137 
15 137 
14 137 
13 137 
12 137 
11 137 
10 137 
9 137 
8 137 
7 137 
6 137 
4 137 
3 137 
2 137 
35 136 
33 136 
32 136 
31 136 
30 136 
29 136 
28 136 
27 136 
26 136 
25 136 
24 136 
23 136 
22 136 
21 136 
20 136 
19 136 
18 136 
17 136 
16 136 
15 136 
14 136 
13 136 
12 136 
11 136 
10 136 
9 136 
8 136 
7 136 
6 136 
4 136 
3 136 
2 136 
35 135 
33 135 
32 135 
31 135 
30 135 
29 135 
28 135 
27 135 
26 135 
25 135 
24 135 
23 135 
22 135 
21 135 
20 135 
19 135 
18 135 
17 135 
16 135 
15 135 
14 135 
13 135 
12 135 
11 135 
10 135 
9 135 
8 135 
7 135 
6 135 
4 135 
3 135 
2 135 
35 134 
33 134 
32 134 
31 134 
30 134 
29 134 
28 134 
27 134 
26 134 
25 134 
24 134 
23 134 
22 134 
21 134 
20 134 
19 134 
18 134 
17 134 
16 134 
15 134 
14 134 
13 134 
12 134 
11 134 
10 134 
9 134 
8 134 
7 134 
6 134 
4 134 
3 134 
2 134 
35 133 
33 133 
32 133 
31 133 
30 133 
29 133 
28 133 
27 133 
26 133 
25 133 
24 133 
23 133 
22 133 
21 133 
20 133 
19 133 
18 133 
17 133 
16 133 
15 133 
14 133 
13 133 
12 133 
11 133 
10 133 
9 133 
8 133 
7 133 
6 133 
4 133 
3 133 
2 133 
35 132 
33 132 
32 132 
31 132 
30 132 
29 132 
28 132 
27 132 
26 132 
25 132 
24 132 
23 132 
22 132 
21 132 
20 132 
19 132 
18 132 
17 132 
16 132 
15 132 
14 132 
13 132 
12 132 
11 132 
10 132 
9 132 
8 132 
7 132 
6 132 
4 132 
3 132 
2 132 
35 131 
33 131 
32 131 
31 131 
30 131 
29 131 
28 131 
27 131 
26 131 
25 131 
24 131 
23 131 
22 131 
21 131 
20 131 
19 131 
18 131 
17 131 
16 131 
15 131 
14 131 
13 131 
12 131 
11 131 
10 131 
9 131 
8 131 
7 131 
6 131 
4 131 
3 131 
2 131 
35 130 
33 130 
32 130 
31 130 
30 130 
29 130 
28 130 
27 130 
26 130 
25 130 
24 130 
23 130 
22 130 
21 130 
20 130 
19 130 
18 130 
17 130 
16 130 
15 130 
14 130 
13 130 
12 130 
11 130 
10 130 
9 130 
8 130 
7 130 
6 130 
4 130 
3 130 
2 130 
35 129 
33 129 
32 129 
31 129 
30 129 
29 129 
28 129 
27 129 
26 129 
25 129 
24 129 
23 129 
22 129 
21 129 
20 129 
19 129 
18 129 
17 129 
16 129 
15 129 
14 129 
13 129 
12 129 
11 129 
10 129 
9 129 
8 129 
7 129 
6 129 
4 129 
3 129 
2 129 
35 128 
33 128 
32 128 
31 128 
30 128 
29 128 
28 128 
27 128 
26 128 
25 128 
24 128 
23 128 
22 128 
21 128 
20 128 
19 128 
18 128 
17 128 
16 128 
15 128 
14 128 
13 128 
12 128 
11 128 
10 128 
9 128 
8 128 
7 128 
6 128 
4 128 
3 128 
2 128 
35 127 
33 127 
32 127 
31 127 
30 127 
29 127 
28 127 
27 127 
26 127 
25 127 
24 127 
23 127 
22 127 
21 127 
20 127 
19 127 
18 127 
17 127 
16 127 
15 127 
14 127 
13 127 
12 127 
11 127 
10 127 
9 127 
8 127 
7 127 
6 127 
4 127 
3 127 
2 127 
35 126 
33 126 
32 126 
31 126 
30 126 
29 126 
28 126 
27 126 
26 126 
25 126 
24 126 
23 126 
22 126 
21 126 
20 126 
19 126 
18 126 
17 126 
16 126 
15 126 
14 126 
13 126 
12 126 
11 126 
10 126 
9 126 
8 126 
7 126 
6 126 
4 126 
3 126 
2 126 
35 125 
33 125 
32 125 
31 125 
30 125 
29 125 
28 125 
27 125 
26 125 
25 125 
24 125 
23 125 
22 125 
21 125 
20 125 
19 125 
18 125 
17 125 
16 125 
15 125 
14 125 
13 125 
12 125 
11 125 
10 125 
9 125 
8 125 
7 125 
6 125 
4 125 
3 125 
2 125 
35 124 
33 124 
32 124 
31 124 
30 124 
29 124 
28 124 
27 124 
26 124 
25 124 
24 124 
23 124 
22 124 
21 124 
20 124 
19 124 
18 124 
17 124 
16 124 
15 124 
14 124 
13 124 
12 124 
11 124 
10 124 
9 124 
8 124 
7 124 
6 124 
5 124 
4 124 
3 124 
2 124 
35 123 
35 121 
35 119 
35 117 
35 115 
35 113 
35 111 
35 109 
35 107 
35 105 
35 103 
35 101 
35 99 
35 97 
35 95 
35 93 
35 91 
35 89 
35 87 
35 85 
35 83 
35 81 
35 79 
35 77 
35 75 
35 73 
35 71 
35 69 
35 67 
35 65 
35 63 
35 61 
35 59 
35 57 
35 55 
35 53 
35 51 
35 49 
35 47 
35 45 
35 43 
35 41 
11 41 
11 40 
35 39 
10 39 
10 38 
35 37 
9 37 
9 36 
33 35 
32 35 
31 35 
30 35 
29 35 
28 35 
27 35 
26 35 
25 35 
24 35 
23 35 
22 35 
21 35 
20 35 
19 35 
18 35 
17 35 
16 35 
15 35 
14 35 
13 35 
12 35 
11 35 
10 35 
9 35 
7 35 
6 35 
4 35 
2 35 
1 35 
8 33 
1 33 
8 32 
5 32 
3 32 
1 32 
8 31 
5 31 
3 31 
1 31 
8 30 
5 30 
3 30 
1 30 
8 29 
5 29 
3 29 
1 29 
8 28 
5 28 
3 28 
1 28 
8 27 
5 27 
3 27 
1 27 
8 26 
5 26 
3 26 
1 26 
8 25 
5 25 
3 25 
1 25 
8 24 
5 24 
3 24 
1 24 
8 23 
5 23 
3 23 
1 23 
8 22 
5 22 
3 22 
1 22 
8 21 
5 21 
3 21 
1 21 
8 20 
5 20 
3 20 
1 20 
8 19 
5 19 
3 19 
1 19 
8 18 
5 18 
3 18 
1 18 
8 17 
5 17 
3 17 
1 17 
8 16 
5 16 
3 16 
1 16 
8 15 
5 15 
3 15 
1 15 
8 14 
5 14 
3 14 
1 14 
8 13 
5 13 
3 13 
1 13 
8 12 
5 12 
3 12 
1 12 
8 11 
1 11 
8 10 
1 10 
8 9 
1 9 
7 8 
6 8 
4 8 
2 8 
1 8 
5 7 
3 7 
1 7 
5 6 
3 6 
1 6 
4 5 
2 5 
3 4 
1 4 
2 3 
1 3 
1 2 
1 2 3 
1 2 8 
1 2 35 
1 2 148 
1 3 4 
1 3 6 
1 3 7 
1 3 12 
1 3 13 
1 3 14 
1 3 15 
1 3 16 
1 3 17 
1 3 18 
1 3 19 
1 3 20 
1 3 21 
1 3 22 
1 3 23 
1 3 24 
1 3 25 
1 3 26 
1 3 27 
1 3 28 
1 3 29 
1 3 30 
1 3 31 
1 3 32 
2 3 124 
2 3 125 
2 3 126 
2 3 127 
2 3 128 
2 3 129 
2 3 130 
2 3 131 
2 3 132 
2 3 133 
2 3 134 
2 3 135 
2 3 136 
2 3 137 
2 3 138 
2 3 139 
2 3 140 
2 3 141 
2 3 142 
2 3 143 
2 3 144 
2 3 145 
2 3 146 
2 3 147 
1 4 8 
1 4 35 
1 4 148 
3 4 124 
3 4 125 
3 4 126 
3 4 127 
3 4 128 
3 4 129 
3 4 130 
3 4 131 
3 4 132 
3 4 133 
3 4 134 
3 4 135 
3 4 136 
3 4 137 
3 4 138 
3 4 139 
3 4 140 
3 4 141 
3 4 142 
3 4 143 
3 4 144 
3 4 145 
3 4 146 
3 4 147 
2 5 124 
2 5 148 
2 5 124 148 
4 5 124 
4 5 148 
4 5 124 148 
1 6 8 
1 6 35 
1 6 148 
3 6 124 
3 6 125 
3 6 126 
3 6 127 
3 6 128 
3 6 129 
3 6 130 
3 6 131 
3 6 132 
3 6 133 
3 6 134 
3 6 135 
3 6 136 
3 6 137 
3 6 138 
3 6 139 
3 6 140 
3 6 141 
3 6 142 
3 6 143 
3 6 144 
3 6 145 
3 6 146 
3 6 147 
5 6 124 
5 6 148 
5 6 124 148 
1 7 8 
1 7 35 
1 7 148 
3 7 124 
3 7 125 
3 7 126 
3 7 127 
3 7 128 
3 7 129 
3 7 130 
3 7 131 
3 7 132 
3 7 133 
3 7 134 
3 7 135 
3 7 136 
3 7 137 
3 7 138 
3 7 139 
3 7 140 
3 7 141 
3 7 142 
3 7 143 
3 7 144 
3 7 145 
3 7 146 
3 7 147 
5 7 124 
5 7 148 
5 7 124 148 
1 8 9 
1 8 10 
1 8 11 
1 8 12 
1 8 13 
1 8 14 
1 8 15 
1 8 16 
1 8 17 
1 8 18 
1 8 19 
1 8 20 
1 8 21 
1 8 22 
1 8 23 
1 8 24 
1 8 25 
1 8 26 
1 8 27 
1 8 28 
1 8 29 
1 8 30 
1 8 31 
1 8 32 
1 8 33 
2 8 124 
2 8 125 
2 8 126 
2 8 127 
2 8 128 
2 8 129 
2 8 130 
2 8 131 
2 8 132 
2 8 133 
2 8 134 
2 8 135 
2 8 136 
2 8 137 
2 8 138 
2 8 139 
2 8 140 
2 8 141 
2 8 142 
2 8 143 
2 8 144 
2 8 145 
2 8 146 
2 8 147 
4 8 124 
4 8 125 
4 8 126 
4 8 127 
4 8 128 
4 8 129 
4 8 130 
4 8 131 
4 8 132 
4 8 133 
4 8 134 
4 8 135 
4 8 136 
4 8 137 
4 8 138 
4 8 139 
4 8 140 
4 8 141 
4 8 142 
4 8 143 
4 8 144 
4 8 145 
4 8 146 
4 8 147 
6 8 124 
6 8 125 
6 8 126 
6 8 127 
6 8 128 
6 8 129 
6 8 130 
6 8 131 
6 8 132 
6 8 133 
6 8 134 
6 8 135 
6 8 136 
6 8 137 
6 8 138 
6 8 139 
6 8 140 
6 8 141 
6 8 142 
6 8 143 
6 8 144 
6 8 145 
6 8 146 
6 8 147 
7 8 124 
7 8 125 
7 8 126 
7 8 127 
7 8 128 
7 8 129 
7 8 130 
7 8 131 
7 8 132 
7 8 133 
7 8 134 
7 8 135 
7 8 136 
7 8 137 
7 8 138 
7 8 139 
7 8 140 
7 8 141 
7 8 142 
7 8 143 
7 8 144 
7 8 145 
7 8 146 
7 8 147 
1 9 35 
8 9 124 
8 9 125 
8 9 126 
8 9 127 
8 9 128 
8 9 129 
8 9 130 
8 9 131 
8 9 132 
8 9 133 
8 9 134 
8 9 135 
8 9 136 
8 9 137 
8 9 138 
8 9 139 
8 9 140 
8 9 141 
8 9 142 
8 9 143 
8 9 144 
8 9 145 
8 9 146 
8 9 147 
1 10 35 
8 10 124 
8 10 125 
8 10 126 
8 10 127 
8 10 128 
8 10 129 
8 10 130 
8 10 131 
8 10 132 
8 10 133 
8 10 134 
8 10 135 
8 10 136 
8 10 137 
8 10 138 
8 10 139 
8 10 140 
8 10 141 
8 10 142 
8 10 143 
8 10 144 
8 10 145 
8 10 146 
8 10 147 
1 11 35 
8 11 124 
8 11 125 
8 11 126 
8 11 127 
8 11 128 
8 11 129 
8 11 130 
8 11 131 
8 11 132 
8 11 133 
8 11 134 
8 11 135 
8 11 136 
8 11 137 
8 11 138 
8 11 139 
8 11 140 
8 11 141 
8 11 142 
8 11 143 
8 11 144 
8 11 145 
8 11 146 
8 11 147 
1 12 35 
1 12 148 
3 12 124 
3 12 125 
3 12 126 
3 12 127 
3 12 128 
3 12 129 
3 12 130 
3 12 131 
3 12 132 
3 12 133 
3 12 134 
3 12 135 
3 12 136 
3 12 137 
3 12 138 
3 12 139 
3 12 140 
3 12 141 
3 12 142 
3 12 143 
3 12 144 
3 12 145 
3 12 146 
3 12 147 
5 12 124 
5 12 148 
5 12 124 148 
8 12 124 
8 12 125 
8 12 126 
8 12 127 
8 12 128 
8 12 129 
8 12 130 
8 12 131 
8 12 132 
8 12 133 
8 12 134 
8 12 135 
8 12 136 
8 12 137 
8 12 138 
8 12 139 
8 12 140 
8 12 141 
8 12 142 
8 12 143 
8 12 144 
8 12 145 
8 12 146 
8 12 147 
1 13 35 
1 13 148 
3 13 124 
3 13 125 
3 13 126 
3 13 127 
3 13 128 
3 13 129 
3 13 130 
3 13 131 
3 13 132 
3 13 133 
3 13 134 
3 13 135 
3 13 136 
3 13 137 
3 13 138 
3 13 139 
3 13 140 
3 13 141 
3 13 142 
3 13 143 
3 13 144 
3 13 145 
3 13 146 
3 13 147 
5 13 124 
5 13 148 
5 13 124 148 
8 13 124 
8 13 125 
8 13 126 
8 13 127 
8 13 128 
8 13 129 
8 13 130 
8 13 131 
8 13 132 
8 13 133 
8 13 134 
8 13 135 
8 13 136 
8 13 137 
8 13 138 
8 13 139 
8 13 140 
8 13 141 
8 13 142 
8 13 143 
8 13 144 
8 13 145 
8 13 146 
8 13 147 
1 14 35 
1 14 148 
3 14 124 
3 14 125 
3 14 126 
3 14 127 
3 14 128 
3 14 129 
3 14 130 
3 14 131 
3 14 132 
3 14 133 
3 14 134 
3 14 135 
3 14 136 
3 14 137 
3 14 138 
3 14 139 
3 14 140 
3 14 141 
3 14 142 
3 14 143 
3 14 144 
3 14 145 
3 14 146 
3 14 147 
5 14 124 
5 14 148 
5 14 124 148 
8 14 124 
8 14 125 
8 14 126 
8 14 127 
8 14 128 
8 14 129 
8 14 130 
8 14 131 
8 14 132 
8 14 133 
8 14 134 
8 14 135 
8 14 136 
8 14 137 
8 14 138 
8 14 139 
8 14 140 
8 14 141 
8 14 142 
8 14 143 
8 14 144 
8 14 145 
8 14 146 
8 14 147 
1 15 35 
1 15 148 
3 15 124 
3 15 125 
3 15 126 
3 15 127 
3 15 128 
3 15 129 
3 15 130 
3 15 131 
3 15 132 
3 15 133 
3 15 134 
3 15 135 
3 15 136 
3 15 137 
3 15 138 
3 15 139 
3 15 140 
3 15 141 
3 15 142 
3 15 143 
3 15 144 
3 15 145 
3 15 146 
3 15 147 
5 15 124 
5 15 148 
5 15 124 148 
8 15 124 
8 15 125 
8 15 126 
8 15 127 
8 15 128 
8 15 129 
8 15 130 
8 15 131 
8 15 132 
8 15 133 
8 15 134 
8 15 135 
8 15 136 
8 15 137 
8 15 138 
8 15 139 
8 15 140 
8 15 141 
8 15 142 
8 15 143 
8 15 144 
8 15 145 
8 15 146 
8 15 147 
1 16 35 
1 16 148 
3 16 124 
3 16 125 
3 16 126 
3 16 127 
3 16 128 
3 16 129 
3 16 130 
3 16 131 
3 16 132 
3 16 133 
3 16 134 
3 16 135 
3 16 136 
3 16 137 
3 16 138 
3 16 139 
3 16 140 
3 16 141 
3 16 142 
3 16 143 
3 16 144 
3 16 145 
3 16 146 
3 16 147 
5 16 124 
5 16 148 
5 16 124 148 
8 16 124 
8 16 125 
8 16 126 
8 16 127 
8 16 128 
8 16 129 
8 16 130 
8 16 131 
8 16 132 
8 16 133 
8 16 134 
8 16 135 
8 16 136 
8 16 137 
8 16 138 
8 16 139 
8 16 140 
8 16 141 
8 16 142 
8 16 143 
8 16 144 
8 16 145 
8 16 146 
8 16 147 
1 17 35 
1 17 148 
3 17 124 
3 17 125 
3 17 126 
3 17 127 
3 17 128 
3 17 129 
3 17 130 
3 17 131 
3 17 132 
3 17 133 
3 17 134 
3 17 135 
3 17 136 
3 17 137 
3 17 138 
3 17 139 
3 17 140 
3 17 141 
3 17 142 
3 17 143 
3 17 144 
3 17 145 
3 17 146 
3 17 147 
5 17 124 
5 17 148 
5 17 124 148 
8 17 124 
8 17 125 
8 17 126 
8 17 127 
8 17 128 
8 17 129 
8 17 130 
8 17 131 
8 17 132 
8 17 133 
8 17 134 
8 17 135 
8 17 136 
8 17 137 
8 17 138 
8 17 139 
8 17 140 
8 17 141 
8 17 142 
8 17 143 
8 17 144 
8 17 145 
8 17 146 
8 17 147 
1 18 35 
1 18 148 
3 18 124 
3 18 125 
3 18 126 
3 18 127 
3 18 128 
3 18 129 
3 18 130 
3 18 131 
3 18 132 
3 18 133 
3 18 134 
3 18 135 
3 18 136 
3 18 137 
3 18 138 
3 18 139 
3 18 140 
3 18 141 
3 18 142 
3 18 143 
3 18 144 
3 18 145 
3 18 146 
3 18 147 
5 18 124 
5 18 148 
5 18 124 148 
8 18 124 
8 18 125 
8 18 126 
8 18 127 
8 18 128 
8 18 129 
8 18 130 
8 18 131 
8 18 132 
8 18 133 
8 18 134 
8 18 135 
8 18 136 
8 18 137 
8 18 138 
8 18 139 
8 18 140 
8 18 141 
8 18 142 
8 18 143 
8 18 144 
8 18 145 
8 18 146 
8 18 147 
1 19 35 
1 19 148 
3 19 124 
3 19 125 
3 19 126 
3 19 127 
3 19 128 
3 19 129 
3 19 130 
3 19 131 
3 19 132 
3 19 133 
3 19 134 
3 19 135 
3 19 136 
3 19 137 
3 19 138 
3 19 139 
3 19 140 
3 19 141 
3 19 142 
3 19 143 
3 19 144 
3 19 145 
3 19 146 
3 19 147 
5 19 124 
5 19 148 
5 19 124 148 
8 19 124 
8 19 125 
8 19 126 
8 19 127 
8 19 128 
8 19 129 
8 19 130 
8 19 131 
8 19 132 
8 19 133 
8 19 134 
8 19 135 
8 19 136 
8 19 137 
8 19 138 
8 19 139 
8 19 140 
8 19 141 
8 19 142 
8 19 143 
8 19 144 
8 19 145 
8 19 146 
8 19 147 
1 20 35 
1 20 148 
3 20 124 
3 20 125 
3 20 126 
3 20 127 
3 20 128 
3 20 129 
3 20 130 
3 20 131 
3 20 132 
3 20 133 
3 20 134 
3 20 135 
3 20 136 
3 20 137 
3 20 138 
3 20 139 
3 20 140 
3 20 141 
3 20 142 
3 20 143 
3 20 144 
3 20 145 
3 20 146 
3 20 147 
5 20 124 
5 20 148 
5 20 124 148 
8 20 124 
8 20 125 
8 20 126 
8 20 127 
8 20 128 
8 20 129 
8 20 130 
8 20 131 
8 20 132 
8 20 133 
8 20 134 
8 20 135 
8 20 136 
8 20 137 
8 20 138 
8 20 139 
8 20 140 
8 20 141 
8 20 142 
8 20 143 
8 20 144 
8 20 145 
8 20 146 
8 20 147 
1 21 35 
1 21 148 
3 21 124 
3 21 125 
3 21 126 
3 21 127 
3 21 128 
3 21 129 
3 21 130 
3 21 131 
3 21 132 
3 21 133 
3 21 134 
3 21 135 
3 21 136 
3 21 137 
3 21 138 
3 21 139 
3 21 140 
3 21 141 
3 21 142 
3 21 143 
3 21 144 
3 21 145 
3 21 146 
3 21 147 
5 21 124 
5 21 148 
5 21 124 148 
8 21 124 
8 21 125 
8 21 126 
8 21 127 
8 21 128 
8 21 129 
8 21 130 
8 21 131 
8 21 132 
8 21 133 
8 21 134 
8 21 135 
8 21 136 
8 21 137 
8 21 138 
8 21 139 
8 21 140 
8 21 141 
8 21 142 
8 21 143 
8 21 144 
8 21 145 
8 21 146 
8 21 147 
1 22 35 
1 22 148 
3 22 124 
3 22 125 
3 22 126 
3 22 127 
3 22 128 
3 22 129 
3 22 130 
3 22 131 
3 22 132 
3 22 133 
3 22 134 
3 22 135 
3 22 136 
3 22 137 
3 22 138 
3 22 139 
3 22 140 
3 22 141 
3 22 142 
3 22 143 
3 22 144 
3 22 145 
3 22 146 
3 22 147 
5 22 124 
5 22 148 
5 22 124 148 
8 22 124 
8 22 125 
8 22 126 
8 22 127 
8 22 128 
8 22 129 
8 22 130 
8 22 131 
8 22 132 
8 22 133 
8 22 134 
8 22 135 
8 22 136 
8 22 137 
8 22 138 
8 22 139 
8 22 140 
8 22 141 
8 22 142 
8 22 143 
8 22 144 
8 22 145 
8 22 146 
8 22 147 
1 23 35 
1 23 148 
3 23 124 
3 23 125 
3 23 126 
3 23 127 
3 23 128 
3 23 129 
3 23 130 
3 23 131 
3 23 132 
3 23 133 
3 23 134 
3 23 135 
3 23 136 
3 23 137 
3 23 138 
3 23 139 
3 23 140 
3 23 141 
3 23 142 
3 23 143 
3 23 144 
3 23 145 
3 23 146 
3 23 147 
5 23 124 
5 23 148 
5 23 124 148 
8 23 124 
8 23 125 
8 23 126 
8 23 127 
8 23 128 
8 23 129 
8 23 130 
8 23 131 
8 23 132 
8 23 133 
8 23 134 
8 23 135 
8 23 136 
8 23 137 
8 23 138 
8 23 139 
8 23 140 
8 23 141 
8 23 142 
8 23 143 
8 23 144 
8 23 145 
8 23 146 
8 23 147 
1 24 35 
1 24 148 
3 24 124 
3 24 125 
3 24 126 
3 24 127 
3 24 128 
3 24 129 
3 24 130 
3 24 131 
3 24 132 
3 24 133 
3 24 134 
3 24 135 
3 24 136 
3 24 137 
3 24 138 
3 24 139 
3 24 140 
3 24 141 
3 24 142 
3 24 143 
3 24 144 
3 24 145 
3 24 146 
3 24 147 
5 24 124 
5 24 148 
5 24 124 148 
8 24 124 
8 24 125 
8 24 126 
8 24 127 
8 24 128 
8 24 129 
8 24 130 
8 24 131 
8 24 132 
8 24 133 
8 24 134 
8 24 135 
8 24 136 
8 24 137 
8 24 138 
8 24 139 
8 24 140 
8 24 141 
8 24 142 
8 24 143 
8 24 144 
8 24 145 
8 24 146 
8 24 147 
1 25 35 
1 25 148 
3 25 124 
3 25 125 
3 25 126 
3 25 127 
3 25 128 
3 25 129 
3 25 130 
3 25 131 
3 25 132 
3 25 133 
3 25 134 
3 25 135 
3 25 136 
3 25 137 
3 25 138 
3 25 139 
3 25 140 
3 25 141 
3 25 142 
3 25 143 
3 25 144 
3 25 145 
3 25 146 
3 25 147 
5 25 124 
5 25 148 
5 25 124 148 
8 25 124 
8 25 125 
8 25 126 
8 25 127 
8 25 128 
8 25 129 
8 25 130 
8 25 131 
8 25 132 
8 25 133 
8 25 134 
8 25 135 
8 25 136 
8 25 137 
8 25 138 
8 25 139 
8 25 140 
8 25 141 
8 25 142 
8 25 143 
8 25 144 
8 25 145 
8 25 146 
8 25 147 
1 26 35 
1 26 148 
3 26 124 
3 26 125 
3 26 126 
3 26 127 
3 26 128 
3 26 129 
3 26 130 
3 26 131 
3 26 132 
3 26 133 
3 26 134 
3 26 135 
3 26 136 
3 26 137 
3 26 138 
3 26 139 
3 26 140 
3 26 141 
3 26 142 
3 26 143 
3 26 144 
3 26 145 
3 26 146 
3 26 147 
5 26 124 
5 26 148 
5 26 124 148 
8 26 124 
8 26 125 
8 26 126 
8 26 127 
8 26 128 
8 26 129 
8 26 130 
8 26 131 
8 26 132 
8 26 133 
8 26 134 
8 26 135 
8 26 136 
8 26 137 
8 26 138 
8 26 139 
8 26 140 
8 26 141 
8 26 142 
8 26 143 
8 26 144 
8 26 145 
8 26 146 
8 26 147 
1 27 35 
1 27 148 
3 27 124 
3 27 125 
3 27 126 
3 27 127 
3 27 128 
3 27 129 
3 27 130 
3 27 131 
3 27 132 
3 27 133 
3 27 134 
3 27 135 
3 27 136 
3 27 137 
3 27 138 
3 27 139 
3 27 140 
3 27 141 
3 27 142 
3 27 143 
3 27 144 
3 27 145 
3 27 146 
3 27 147 
5 27 124 
5 27 148 
5 27 124 148 
8 27 124 
8 27 125 
8 27 126 
8 27 127 
8 27 128 
8 27 129 
8 27 130 
8 27 131 
8 27 132 
8 27 133 
8 27 134 
8 27 135 
8 27 136 
8 27 137 
8 27 138 
8 27 139 
8 27 140 
8 27 141 
8 27 142 
8 27 143 
8 27 144 
8 27 145 
8 27 146 
8 27 147 
1 28 35 
1 28 148 
3 28 124 
3 28 125 
3 28 126 
3 28 127 
3 28 128 
3 28 129 
3 28 130 
3 28 131 
3 28 132 
3 28 133 
3 28 134 
3 28 135 
3 28 136 
3 28 137 
3 28 138 
3 28 139 
3 28 140 
3 28 141 
3 28 142 
3 28 143 
3 28 144 
3 28 145 
3 28 146 
3 28 147 
5 28 124 
5 28 148 
5 28 124 148 
8 28 124 
8 28 125 
8 28 126 
8 28 127 
8 28 128 
8 28 129 
8 28 130 
8 28 131 
8 28 132 
8 28 133 
8 28 134 
8 28 135 
8 28 136 
8 28 137 
8 28 138 
8 28 139 
8 28 140 
8 28 141 
8 28 142 
8 28 143 
8 28 144 
8 28 145 
8 28 146 
8 28 147 
1 29 35 
1 29 148 
3 29 124 
3 29 125 
3 29 126 
3 29 127 
3 29 128 
3 29 129 
3 29 130 
3 29 131 
3 29 132 
3 29 133 
3 29 134 
3 29 135 
3 29 136 
3 29 137 
3 29 138 
3 29 139 
3 29 140 
3 29 141 
3 29 142 
3 29 143 
3 29 144 
3 29 145 
3 29 146 
3 29 147 
5 29 124 
5 29 148 
5 29 124 148 
8 29 124 
8 29 125 
8 29 126 
8 29 127 
8 29 128 
8 29 129 
8 29 130 
8 29 131 
8 29 132 
8 29 133 
8 29 134 
8 29 135 
8 29 136 
8 29 137 
8 29 138 
8 29 139 
8 29 140 
8 29 141 
8 29 142 
8 29 143 
8 29 144 
8 29 145 
8 29 146 
8 29 147 
1 30 35 
1 30 148 
3 30 124 
3 30 125 
3 30 126 
3 30 127 
3 30 128 
3 30 129 
3 30 130 
3 30 131 
3 30 132 
3 30 133 
3 30 134 
3 30 135 
3 30 136 
3 30 137 
3 30 138 
3 30 139 
3 30 140 
3 30 141 
3 30 142 
3 30 143 
3 30 144 
3 30 145 
3 30 146 
3 30 147 
5 30 124 
5 30 148 
5 30 124 148 
8 30 124 
8 30 125 
8 30 126 
8 30 127 
8 30 128 
8 30 129 
8 30 130 
8 30 131 
8 30 132 
8 30 133 
8 30 134 
8 30 135 
8 30 136 
8 30 137 
8 30 138 
8 30 139 
8 30 140 
8 30 141 
8 30 142 
8 30 143 
8 30 144 
8 30 145 
8 30 146 
8 30 147 
1 31 35 
1 31 148 
3 31 124 
3 31 125 
3 31 126 
3 31 127 
3 31 128 
3 31 129 
3 31 130 
3 31 131 
3 31 132 
3 31 133 
3 31 134 
3 31 135 
3 31 136 
3 31 137 
3 31 138 
3 31 139 
3 31 140 
3 31 141 
3 31 142 
3 31 143 
3 31 144 
3 31 145 
3 31 146 
3 31 147 
5 31 124 
5 31 148 
5 31 124 148 
8 31 124 
8 31 125 
8 31 126 
8 31 127 
8 31 128 
8 31 129 
8 31 130 
8 31 131 
8 31 132 
8 31 133 
8 31 134 
8 31 135 
8 31 136 
8 31 137 
8 31 138 
8 31 139 
8 31 140 
8 31 141 
8 31 142 
8 31 143 
8 31 144 
8 31 145 
8 31 146 
8 31 147 
1 32 35 
1 32 148 
3 32 124 
3 32 125 
3 32 126 
3 32 127 
3 32 128 
3 32 129 
3 32 130 
3 32 131 
3 32 132 
3 32 133 
3 32 134 
3 32 135 
3 32 136 
3 32 137 
3 32 138 
3 32 139 
3 32 140 
3 32 141 
3 32 142 
3 32 143 
3 32 144 
3 32 145 
3 32 146 
3 32 147 
5 32 124 
5 32 148 
5 32 124 148 
8 32 124 
8 32 125 
8 32 126 
8 32 127 
8 32 128 
8 32 129 
8 32 130 
8 32 131 
8 32 132 
8 32 133 
8 32 134 
8 32 135 
8 32 136 
8 32 137 
8 32 138 
8 32 139 
8 32 140 
8 32 141 
8 32 142 
8 32 143 
8 32 144 
8 32 145 
8 32 146 
8 32 147 
1 33 35 
8 33 124 
8 33 125 
8 33 126 
8 33 127 
8 33 128 
8 33 129 
8 33 130 
8 33 131 
8 33 132 
8 33 133 
8 33 134 
8 33 135 
8 33 136 
8 33 137 
8 33 138 
8 33 139 
8 33 140 
8 33 141 
8 33 142 
8 33 143 
8 33 144 
8 33 145 
8 33 146 
8 33 147 
2 35 124 
2 35 125 
2 35 126 
2 35 127 
2 35 128 
2 35 129 
2 35 130 
2 35 131 
2 35 132 
2 35 133 
2 35 134 
2 35 135 
2 35 136 
2 35 137 
2 35 138 
2 35 139 
2 35 140 
2 35 141 
2 35 142 
2 35 143 
2 35 144 
2 35 145 
2 35 146 
2 35 147 
4 35 124 
4 35 125 
4 35 126 
4 35 127 
4 35 128 
4 35 129 
4 35 130 
4 35 131 
4 35 132 
4 35 133 
4 35 134 
4 35 135 
4 35 136 
4 35 137 
4 35 138 
4 35 139 
4 35 140 
4 35 141 
4 35 142 
4 35 143 
4 35 144 
4 35 145 
4 35 146 
4 35 147 
6 35 124 
6 35 125 
6 35 126 
6 35 127 
6 35 128 
6 35 129 
6 35 130 
6 35 131 
6 35 132 
6 35 133 
6 35 134 
6 35 135 
6 35 136 
6 35 137 
6 35 138 
6 35 139 
6 35 140 
6 35 141 
6 35 142 
6 35 143 
6 35 144 
6 35 145 
6 35 146 
6 35 147 
7 35 124 
7 35 125 
7 35 126 
7 35 127 
7 35 128 
7 35 129 
7 35 130 
7 35 131 
7 35 132 
7 35 133 
7 35 134 
7 35 135 
7 35 136 
7 35 137 
7 35 138 
7 35 139 
7 35 140 
7 35 141 
7 35 142 
7 35 143 
7 35 144 
7 35 145 
7 35 146 
7 35 147 
9 35 37 
9 35 124 
9 35 125 
9 35 126 
9 35 127 
9 35 128 
9 35 129 
9 35 130 
9 35 131 
9 35 132 
9 35 133 
9 35 134 
9 35 135 
9 35 136 
9 35 137 
9 35 138 
9 35 139 
9 35 140 
9 35 141 
9 35 142 
9 35 143 
9 35 144 
9 35 145 
9 35 146 
9 35 147 
10 35 39 
10 35 124 
10 35 125 
10 35 126 
10 35 127 
10 35 128 
10 35 129 
10 35 130 
10 35 131 
10 35 132 
10 35 133 
10 35 134 
10 35 135 
10 35 136 
10 35 137 
10 35 138 
10 35 139 
10 35 140 
10 35 141 
10 35 142 
10 35 143 
10 35 144 
10 35 145 
10 35 146 
10 35 147 
11 35 41 
11 35 124 
11 35 125 
11 35 126 
11 35 127 
11 35 128 
11 35 129 
11 35 130 
11 35 131 
11 35 132 
11 35 133 
11 35 134 
11 35 135 
11 35 136 
11 35 137 
11 35 138 
11 35 139 
11 35 140 
11 35 141 
11 35 142 
11 35 143 
11 35 144 
11 35 145 
11 35 146 
11 35 147 
12 35 124 
12 35 125 
12 35 126 
12 35 127 
12 35 128 
12 35 129 
12 35 130 
12 35 131 
12 35 132 
12 35 133 
12 35 134 
12 35 135 
12 35 136 
12 35 137 
12 35 138 
12 35 139 
12 35 140 
12 35 141 
12 35 142 
12 35 143 
12 35 144 
12 35 145 
12 35 146 
12 35 147 
13 35 124 
13 35 125 
13 35 126 
13 35 127 
13 35 128 
13 35 129 
13 35 130 
13 35 131 
13 35 132 
13 35 133 
13 35 134 
13 35 135 
13 35 136 
13 35 137 
13 35 138 
13 35 139 
13 35 140 
13 35 141 
13 35 142 
13 35 143 
13 35 144 
13 35 145 
13 35 146 
13 35 147 
14 35 124 
14 35 125 
14 35 126 
14 35 127 
14 35 128 
14 35 129 
14 35 130 
14 35 131 
14 35 132 
14 35 133 
14 35 134 
14 35 135 
14 35 136 
14 35 137 
14 35 138 
14 35 139 
14 35 140 
14 35 141 
14 35 142 
14 35 143 
14 35 144 
14 35 145 
14 35 146 
14 35 147 
15 35 124 
15 35 125 
15 35 126 
15 35 127 
15 35 128 
15 35 129 
15 35 130 
15 35 131 
15 35 132 
15 35 133 
15 35 134 
15 35 135 
15 35 136 
15 35 137 
15 35 138 
15 35 139 
15 35 140 
15 35 141 
15 35 142 
15 35 143 
15 35 144 
15 35 145 
15 35 146 
15 35 147 
16 35 124 
16 35 125 
16 35 126 
16 35 127 
16 35 128 
16 35 129 
16 35 130 
16 35 131 
16 35 132 
16 35 133 
16 35 134 
16 35 135 
16 35 136 
16 35 137 
16 35 138 
16 35 139 
16 35 140 
16 35 141 
16 35 142 
16 35 143 
16 35 144 
16 35 145 
16 35 146 
16 35 147 
17 35 124 
17 35 125 
17 35 126 
17 35 127 
17 35 128 
17 35 129 
17 35 130 
17 35 131 
17 35 132 
17 35 133 
17 35 134 
17 35 135 
17 35 136 
17 35 137 
17 35 138 
17 35 139 
17 35 140 
17 35 141 
17 35 142 
17 35 143 
17 35 144 
17 35 145 
17 35 146 
17 35 147 
18 35 124 
18 35 125 
18 35 126 
18 35 127 
18 35 128 
18 35 129 
18 35 130 
18 35 131 
18 35 132 
18 35 133 
18 35 134 
18 35 135 
18 35 136 
18 35 137 
18 35 138 
18 35 139 
18 35 140 
18 35 141 
18 35 142 
18 35 143 
18 35 144 
18 35 145 
18 35 146 
18 35 147 
19 35 124 
19 35 125 
19 35 126 
19 35 127 
19 35 128 
19 35 129 
19 35 130 
19 35 131 
19 35 132 
19 35 133 
19 35 134 
19 35 135 
19 35 136 
19 35 137 
19 35 138 
19 35 139 
19 35 140 
19 35 141 
19 35 142 
19 35 143 
19 35 144 
19 35 145 
19 35 146 
19 35 147 
20 35 124 
20 35 125 
20 35 126 
20 35 127 
20 35 128 
20 35 129 
20 35 130 
20 35 131 
20 35 132 
20 35 133 
20 35 134 
20 35 135 
20 35 136 
20 35 137 
20 35 138 
20 35 139 
20 35 140 
20 35 141 
20 35 142 
20 35 143 
20 35 144 
20 35 145 
20 35 146 
20 35 147 
21 35 124 
21 35 125 
21 35 126 
21 35 127 
21 35 128 
21 35 129 
21 35 130 
21 35 131 
21 35 132 
21 35 133 
21 35 134 
21 35 135 
21 35 136 
21 35 137 
21 35 138 
21 35 139 
21 35 140 
21 35 141 
21 35 142 
21 35 143 
21 35 144 
21 35 145 
21 35 146 
21 35 147 
22 35 124 
22 35 125 
22 35 126 
22 35 127 
22 35 128 
22 35 129 
22 35 130 
22 35 131 
22 35 132 
22 35 133 
22 35 134 
22 35 135 
22 35 136 
22 35 137 
22 35 138 
22 35 139 
22 35 140 
22 35 141 
22 35 142 
22 35 143 
22 35 144 
22 35 145 
22 35 146 
22 35 147 
23 35 124 
23 35 125 
23 35 126 
23 35 127 
23 35 128 
23 35 129 
23 35 130 
23 35 131 
23 35 132 
23 35 133 
23 35 134 
23 35 135 
23 35 136 
23 35 137 
23 35 138 
23 35 139 
23 35 140 
23 35 141 
23 35 142 
23 35 143 
23 35 144 
23 35 145 
23 35 146 
23 35 147 
24 35 124 
24 35 125 
24 35 126 
24 35 127 
24 35 128 
24 35 129 
24 35 130 
24 35 131 
24 35 132 
24 35 133 
24 35 134 
24 35 135 
24 35 136 
24 35 137 
24 35 138 
24 35 139 
24 35 140 
24 35 141 
24 35 142 
24 35 143 
24 35 144 
24 35 145 
24 35 146 
24 35 147 
25 35 124 
25 35 125 
25 35 126 
25 35 127 
25 35 128 
25 35 129 
25 35 130 
25 35 131 
25 35 132 
25 35 133 
25 35 134 
25 35 135 
25 35 136 
25 35 137 
25 35 138 
25 35 139 
25 35 140 
25 35 141 
25 35 142 
25 35 143 
25 35 144 
25 35 145 
25 35 146 
25 35 147 
26 35 124 
26 35 125 
26 35 126 
26 35 127 
26 35 128 
26 35 129 
26 35 130 
26 35 131 
26 35 132 
26 35 133 
26 35 134 
26 35 135 
26 35 136 
26 35 137 
26 35 138 
26 35 139 
26 35 140 
26 35 141 
26 35 142 
26 35 143 
26 35 144 
26 35 145 
26 35 146 
26 35 147 
27 35 124 
27 35 125 
27 35 126 
27 35 127 
27 35 128 
27 35 129 
27 35 130 
27 35 131 
27 35 132 
27 35 133 
27 35 134 
27 35 135 
27 35 136 
27 35 137 
27 35 138 
27 35 139 
27 35 140 
27 35 141 
27 35 142 
27 35 143 
27 35 144 
27 35 145 
27 35 146 
27 35 147 
28 35 124 
28 35 125 
28 35 126 
28 35 127 
28 35 128 
28 35 129 
28 35 130 
28 35 131 
28 35 132 
28 35 133 
28 35 134 
28 35 135 
28 35 136 
28 35 137 
28 35 138 
28 35 139 
28 35 140 
28 35 141 
28 35 142 
28 35 143 
28 35 144 
28 35 145 
28 35 146 
28 35 147 
29 35 124 
29 35 125 
29 35 126 
29 35 127 
29 35 128 
29 35 129 
29 35 130 
29 35 131 
29 35 132 
29 35 133 
29 35 134 
29 35 135 
29 35 136 
29 35 137 
29 35 138 
29 35 139 
29 35 140 
29 35 141 
29 35 142 
29 35 143 
29 35 144 
29 35 145 
29 35 146 
29 35 147 
30 35 124 
30 35 125 
30 35 126 
30 35 127 
30 35 128 
30 35 129 
30 35 130 
30 35 131 
30 35 132 
30 35 133 
30 35 134 
30 35 135 
30 35 136 
30 35 137 
30 35 138 
30 35 139 
30 35 140 
30 35 141 
30 35 142 
30 35 143 
30 35 144 
30 35 145 
30 35 146 
30 35 147 
31 35 124 
31 35 125 
31 35 126 
31 35 127 
31 35 128 
31 35 129 
31 35 130 
31 35 131 
31 35 132 
31 35 133 
31 35 134 
31 35 135 
31 35 136 
31 35 137 
31 35 138 
31 35 139 
31 35 140 
31 35 141 
31 35 142 
31 35 143 
31 35 144 
31 35 145 
31 35 146 
31 35 147 
32 35 124 
32 35 125 
32 35 126 
32 35 127 
32 35 128 
32 35 129 
32 35 130 
32 35 131 
32 35 132 
32 35 133 
32 35 134 
32 35 135 
32 35 136 
32 35 137 
32 35 138 
32 35 139 
32 35 140 
32 35 141 
32 35 142 
32 35 143 
32 35 144 
32 35 145 
32 35 146 
32 35 147 
33 35 124 
33 35 125 
33 35 126 
33 35 127 
33 35 128 
33 35 129 
33 35 130 
33 35 131 
33 35 132 
33 35 133 
33 35 134 
33 35 135 
33 35 136 
33 35 137 
33 35 138 
33 35 139 
33 35 140 
33 35 141 
33 35 142 
33 35 143 
33 35 144 
33 35 145 
33 35 146 
33 35 147 
2 125 148 
4 125 148 
6 125 148 
7 125 148 
12 125 148 
13 125 148 
14 125 148 
15 125 148 
16 125 148 
17 125 148 
18 125 148 
19 125 148 
20 125 148 
21 125 148 
22 125 148 
23 125 148 
24 125 148 
25 125 148 
26 125 148 
27 125 148 
28 125 148 
29 125 148 
30 125 148 
31 125 148 
32 125 148 
2 126 148 
4 126 148 
6 126 148 
7 126 148 
12 126 148 
13 126 148 
14 126 148 
15 126 148 
16 126 148 
17 126 148 
18 126 148 
19 126 148 
20 126 148 
21 126 148 
22 126 148 
23 126 148 
24 126 148 
25 126 148 
26 126 148 
27 126 148 
28 126 148 
29 126 148 
30 126 148 
31 126 148 
32 126 148 
2 127 148 
4 127 148 
6 127 148 
7 127 148 
12 127 148 
13 127 148 
14 127 148 
15 127 148 
16 127 148 
17 127 148 
18 127 148 
19 127 148 
20 127 148 
21 127 148 
22 127 148 
23 127 148 
24 127 148 
25 127 148 
26 127 148 
27 127 148 
28 127 148 
29 127 148 
30 127 148 
31 127 148 
32 127 148 
2 128 148 
4 128 148 
6 128 148 
7 128 148 
12 128 148 
13 128 148 
14 128 148 
15 128 148 
16 128 148 
17 128 148 
18 128 148 
19 128 148 
20 128 148 
21 128 148 
22 128 148 
23 128 148 
24 128 148 
25 128 148 
26 128 148 
27 128 148 
28 128 148 
29 128 148 
30 128 148 
31 128 148 
32 128 148 
2 129 148 
4 129 148 
6 129 148 
7 129 148 
12 129 148 
13 129 148 
14 129 148 
15 129 148 
16 129 148 
17 129 148 
18 129 148 
19 129 148 
20 129 148 
21 129 148 
22 129 148 
23 129 148 
24 129 148 
25 129 148 
26 129 148 
27 129 148 
28 129 148 
29 129 148 
30 129 148 
31 129 148 
32 129 148 
2 130 148 
4 130 148 
6 130 148 
7 130 148 
12 130 148 
13 130 148 
14 130 148 
15 130 148 
16 130 148 
17 130 148 
18 130 148 
19 130 148 
20 130 148 
21 130 148 
22 130 148 
23 130 148 
24 130 148 
25 130 148 
26 130 148 
27 130 148 
28 130 148 
29 130 148 
30 130 148 
31 130 148 
32 130 148 
2 131 148 
4 131 148 
6 131 148 
7 131 148 
12 131 148 
13 131 148 
14 131 148 
15 131 148 
16 131 148 
17 131 148 
18 131 148 
19 131 148 
20 131 148 
21 131 148 
22 131 148 
23 131 148 
24 131 148 
25 131 148 
26 131 148 
27 131 148 
28 131 148 
29 131 148 
30 131 148 
31 131 148 
32 131 148 
2 132 148 
4 132 148 
6 132 148 
7 132 148 
12 132 148 
13 132 148 
14 132 148 
15 132 148 
16 132 148 
17 132 148 
18 132 148 
19 132 148 
20 132 148 
21 132 148 
22 132 148 
23 132 148 
24 132 148 
25 132 148 
26 132 148 
27 132 148 
28 132 148 
29 132 148 
30 132 148 
31 132 148 
32 132 148 
2 133 148 
4 133 148 
6 133 148 
7 133 148 
12 133 148 
13 133 148 
14 133 148 
15 133 148 
16 133 148 
17 133 148 
18 133 148 
19 133 148 
20 133 148 
21 133 148 
22 133 148 
23 133 148 
24 133 148 
25 133 148 
26 133 148 
27 133 148 
28 133 148 
29 133 148 
30 133 148 
31 133 148 
32 133 148 
2 134 148 
4 134 148 
6 134 148 
7 134 148 
12 134 148 
13 134 148 
14 134 148 
15 134 148 
16 134 148 
17 134 148 
18 134 148 
19 134 148 
20 134 148 
21 134 148 
22 134 148 
23 134 148 
24 134 148 
25 134 148 
26 134 148 
27 134 148 
28 134 148 
29 134 148 
30 134 148 
31 134 148 
32 134 148 
2 135 148 
4 135 148 
6 135 148 
7 135 148 
12 135 148 
13 135 148 
14 135 148 
15 135 148 
16 135 148 
17 135 148 
18 135 148 
19 135 148 
20 135 148 
21 135 148 
22 135 148 
23 135 148 
24 135 148 
25 135 148 
26 135 148 
27 135 148 
28 135 148 
29 135 148 
30 135 148 
31 135 148 
32 135 148 
2 136 148 
4 136 148 
6 136 148 
7 136 148 
12 136 148 
13 136 148 
14 136 148 
15 136 148 
16 136 148 
17 136 148 
18 136 148 
19 136 148 
20 136 148 
21 136 148 
22 136 148 
23 136 148 
24 136 148 
25 136 148 
26 136 148 
27 136 148 
28 136 148 
29 136 148 
30 136 148 
31 136 148 
32 136 148 
2 137 148 
4 137 148 
6 137 148 
7 137 148 
12 137 148 
13 137 148 
14 137 148 
15 137 148 
16 137 148 
17 137 148 
18 137 148 
19 137 148 
20 137 148 
21 137 148 
22 137 148 
23 137 148 
24 137 148 
25 137 148 
26 137 148 
27 137 148 
28 137 148 
29 137 148 
30 137 148 
31 137 148 
32 137 148 
2 138 148 
4 138 148 
6 138 148 
7 138 148 
12 138 148 
13 138 148 
14 138 148 
15 138 148 
16 138 148 
17 138 148 
18 138 148 
19 138 148 
20 138 148 
21 138 148 
22 138 148 
23 138 148 
24 138 148 
25 138 148 
26 138 148 
27 138 148 
28 138 148 
29 138 148 
30 138 148 
31 138 148 
32 138 148 
2 139 148 
4 139 148 
6 139 148 
7 139 148 
12 139 148 
13 139 148 
14 139 148 
15 139 148 
16 139 148 
17 139 148 
18 139 148 
19 139 148 
20 139 148 
21 139 148 
22 139 148 
23 139 148 
24 139 148 
25 139 148 
26 139 148 
27 139 148 
28 139 148 
29 139 148 
30 139 148 
31 139 148 
32 139 148 
2 140 148 
4 140 148 
6 140 148 
7 140 148 
12 140 148 
13 140 148 
14 140 148 
15 140 148 
16 140 148 
17 140 148 
18 140 148 
19 140 148 
20 140 148 
21 140 148 
22 140 148 
23 140 148 
24 140 148 
25 140 148 
26 140 148 
27 140 148 
28 140 148 
29 140 148 
30 140 148 
31 140 148 
32 140 148 
2 141 148 
4 141 148 
6 141 148 
7 141 148 
12 141 148 
13 141 148 
14 141 148 
15 141 148 
16 141 148 
17 141 148 
18 141 148 
19 141 148 
20 141 148 
21 141 148 
22 141 148 
23 141 148 
24 141 148 
25 141 148 
26 141 148 
27 141 148 
28 141 148 
29 141 148 
30 141 148 
31 141 148 
32 141 148 
2 142 148 
4 142 148 
6 142 148 
7 142 148 
12 142 148 
13 142 148 
14 142 148 
15 142 148 
16 142 148 
17 142 148 
18 142 148 
19 142 148 
20 142 148 
21 142 148 
22 142 148 
23 142 148 
24 142 148 
25 142 148 
26 142 148 
27 142 148 
28 142 148 
29 142 148 
30 142 148 
31 142 148 
32 142 148 
2 143 148 
4 143 148 
6 143 148 
7 143 148 
12 143 148 
13 143 148 
14 143 148 
15 143 148 
16 143 148 
17 143 148 
18 143 148 
19 143 148 
20 143 148 
21 143 148 
22 143 148 
23 143 148 
24 143 148 
25 143 148 
26 143 148 
27 143 148 
28 143 148 
29 143 148 
30 143 148 
31 143 148 
32 143 148 
2 144 148 
4 144 148 
6 144 148 
7 144 148 
12 144 148 
13 144 148 
14 144 148 
15 144 148 
16 144 148 
17 144 148 
18 144 148 
19 144 148 
20 144 148 
21 144 148 
22 144 148 
23 144 148 
24 144 148 
25 144 148 
26 144 148 
27 144 148 
28 144 148 
29 144 148 
30 144 148 
31 144 148 
32 144 148 
2 145 148 
4 145 148 
6 145 148 
7 145 148 
12 145 148 
13 145 148 
14 145 148 
15 145 148 
16 145 148 
17 145 148 
18 145 148 
19 145 148 
20 145 148 
21 145 148 
22 145 148 
23 145 148 
24 145 148 
25 145 148 
26 145 148 
27 145 148 
28 145 148 
29 145 148 
30 145 148 
31 145 148 
32 145 148 
2 146 148 
4 146 148 
6 146 148 
7 146 148 
12 146 148 
13 146 148 
14 146 148 
15 146 148 
16 146 148 
17 146 148 
18 146 148 
19 146 148 
20 146 148 
21 146 148 
22 146 148 
23 146 148 
24 146 148 
25 146 148 
26 146 148 
27 146 148 
28 146 148 
29 146 148 
30 146 148 
31 146 148 
32 146 148 
2 147 148 
4 147 148 
6 147 148 
7 147 148 
12 147 148 
13 147 148 
14 147 148 
15 147 148 
16 147 148 
17 147 148 
18 147 148 
19 147 148 
20 147 148 
21 147 148 
22 147 148 
23 147 148 
24 147 148 
25 147 148 
26 147 148 
27 147 148 
28 147 148 
29 147 148 
30 147 148 
31 147 148 
32 147 148 
