4
5
6
7
8
9
10
12
13
14
15
16
17
18
19
20
21
23
25
26
27
28
30
31
32
33
34
36
38
40
42
44
46
48
50
52
54
56
58
59
60
61
63
65
66
67
68
69
71
72
73
74
76
77
78
79
81
82
83
84
85
88
89
90
91
92
93
94
95
96
98
99
101
102
103
104
106
107
108
109
110
111
112
113
114
115
116
117
118
120
122
123
124
125
126
128
129
130
135
137
138
139
140
142
143
144
145
147
148
149
150
151
152
153
155
156
157
158
159
160
161
165
166
167
168
169
170
171
172
173
174
176
177
178
179
180
181
182
183
184
185
186
188
190
191
192
193
194
195
197
213
230
232
233
237
238
239
240
241
242
243
244
245
246
247
248
249
250
251
252
253
254
255
256
257
258
259
260
261
262
263
264
265
266
267
268
